245.7211111111111
195.50027777777777
122.37527777777778
238.09416666666667
137.1625
178.58916666666667
177.95833333333334
127.8925
263.8027777777778
267.7241666666667
99.94305555555556
197.7263888888889
168.8775
141.77666666666667
94.40611111111112
215.98888888888888
135.1952777777778
125.6625
232.4525
154.7625
208.76694444444445
249.45805555555555
89.60833333333333
115.55416666666666
125.9625
136.48638888888888
149.03444444444443
122.24194444444444
125.12444444444445
79.495
131.94027777777777
289.9075
109.32722222222222
210.21583333333334
162.4336111111111
358.38416666666666
249.65944444444443
139.9075
109.8313888888889
127.58694444444444
135.15777777777777
182.4675
141.14888888888888
150.9986111111111
136.7511111111111
137.15055555555554
171.6675
134.96694444444444
151.09194444444444
191.86777777777777
88.25527777777778
85.69638888888889
104.52694444444444
164.06694444444443
139.19944444444445
162.93805555555556
114.0813888888889
202.84472222222223
132.2536111111111
105.8625
161.04472222222222
124.9186111111111
138.14055555555555
158.20694444444445
102.46722222222222
159.46166666666667
168.97666666666666
147.85805555555555
167.17361111111111
301.6272222222222
72.73333333333333
74.14194444444445
180.20833333333334
101.94111111111111
148.90472222222223
95.06527777777778
138.19722222222222
160.72305555555556
109.4075
126.15777777777778
168.39388888888888
78.60888888888888
147.38611111111112
141.91833333333332
104.3225
137.8697222222222
170.7938888888889
85.67916666666666
166.46055555555554
108.96388888888889
93.96388888888889
118.73333333333333
80.32972222222222
128.5525
162.00861111111112
142.7722222222222
74.40277777777777
137.01638888888888
111.06166666666667
114.6913888888889
121.81194444444445
101.45611111111111
85.89027777777778
117.24
92.67888888888889
92.88694444444444
321.24666666666667
142.70361111111112
105.82694444444445
123.0338888888889
147.82944444444445
146.83083333333335
84.52083333333333
103.4975
64.32222222222222
84.81916666666666
102.60083333333333
126.36333333333333
119.13638888888889
74.69666666666667
108.05777777777777
151.8075
87.34
118.09305555555555
99.52694444444444
112.07416666666667
252.25222222222223
149.78583333333333
123.90416666666667
76.68972222222222
105.53083333333333
163.97055555555556
88.16722222222222
148.68944444444443
86.17944444444444
133.39166666666668
82.75833333333334
92.01833333333333
78.24305555555556
77.94944444444444
87.58611111111111
141.0677777777778
99.1763888888889
82.16027777777778
81.78277777777778
106.1275
90.77694444444444
101.29694444444445
155.40555555555557
91.06055555555555
74.10305555555556
148.0638888888889
92.19916666666667
122.40416666666667
77.60666666666667
89.73972222222223
132.1675
84.49333333333334
91.16388888888889
86.69194444444445
56.473333333333336
92.00305555555556
103.35111111111111
144.73777777777778
77.7461111111111
69.52555555555556
213.6586111111111
67.97916666666667
112.27055555555556
106.77083333333333
110.46638888888889
94.62555555555555
89.88472222222222
101.51277777777777
120.76416666666667
68.19805555555556
65.05388888888889
75.99888888888889
78.75777777777778
108.92861111111111
75.5988888888889
129.9025
82.99277777777777
58.448055555555555
85.39888888888889
99.98861111111111
76.42166666666667
131.78222222222223
72.45694444444445
68.10305555555556
111.56
72.54166666666667
109.9275
64.06888888888889
100.44611111111111
81.39083333333333
167.0936111111111
92.75222222222222
82.03083333333333
103.16583333333334
70.24305555555556
109.77638888888889
164.63861111111112
75.12333333333333
60.85138888888889
59.153333333333336
117.7786111111111
54.863055555555555
86.65027777777777
59.465
82.01861111111111
61.82805555555556
94.86277777777778
68.60666666666667
147.74722222222223
91.49583333333334
113.93083333333334
139.44194444444443
100.14194444444445
72.83416666666666
66.475
78.85472222222222
65.18555555555555
69.46833333333333
143.56555555555556
103.24277777777777
53.0525
79.68638888888889
98.01222222222222
61.855555555555554
74.19472222222223
105.83777777777777
95.64805555555556
68.03111111111112
84.91777777777777
79.56333333333333
98.34388888888888
103.90916666666666
89.24305555555556
62.308055555555555
96.27916666666667
82.20611111111111
95.46416666666667
93.62638888888888
70.36611111111111
74.27527777777777
76.23083333333334
74.36638888888889
76.99055555555556
64.44972222222222
63.78638888888889
61.68888888888889
110.33222222222223
82.92527777777778
60.88805555555555
60.54472222222222
92.67222222222222
45.58861111111111
98.01611111111112
79.73777777777778
85.305
55.9325
69.29055555555556
82.99444444444444
63.65833333333333
54.234722222222224
63.649166666666666
126.88472222222222
68.43555555555555
55.53722222222222
66.6275
65.21888888888888
78.4961111111111
64.28111111111112
93.05083333333333
42.315555555555555
120.12
106.845
61.084722222222226
56.863055555555555
175.04083333333332
56.369166666666665
74.49305555555556
134.04694444444445
49.05
53.71333333333333
82.47055555555555
79.23361111111112
54.73305555555555
101.82305555555556
86.89583333333333
78.62777777777778
55.96805555555556
47.69222222222222
56.82083333333333
73.6438888888889
62.324444444444445
68.17277777777778
103.45611111111111
84.37777777777778
71.27222222222223
52.640277777777776
76.68055555555556
91.54444444444445
75.27944444444445
87.18805555555555
67.22416666666666
56.015277777777776
82.72888888888889
56.20472222222222
50.091944444444444
91.45388888888888
59.71222222222222
56.46
56.46861111111111
64.93416666666667
57.01083333333333
58.085
130.28916666666666
59.81305555555556
51.743611111111115
49.67472222222222
76.24527777777777
67.1975
97.59
90.19944444444444
87.51861111111111
68.11611111111111
55.02527777777778
56.79
44.88944444444444
60.05166666666667
46.045
59.14055555555556
53.653333333333336
45.772222222222226
46.76027777777778
58.4425
49.278888888888886
47.91305555555556
82.0988888888889
166.7386111111111
84.89527777777778
67.27777777777777
56.617777777777775
69.37555555555555
56.24666666666667
89.11944444444444
82.30972222222222
59.74166666666667
78.29888888888888
60.79055555555556
56.3925
95.44333333333333
74.82027777777778
55.65
49.968333333333334
45.87138888888889
53.47638888888889
63.20027777777778
83.89138888888888
50.36
44.98694444444445
42.82277777777778
57.30972222222222
46.47638888888889
62.473055555555554
72.2936111111111
59.475833333333334
39.410833333333336
52.354166666666664
87.40777777777778
69.74472222222222
51.44
66.80694444444444
57.05305555555555
41.47666666666667
54.70472222222222
51.6175
46.08
52.1025
53.63305555555556
60.61611111111111
44.63
49.61
63.37083333333333
63.005
51.825833333333335
45.79527777777778
58.26555555555556
52.7275
50.474444444444444
53.86555555555555
46.10777777777778
49.95944444444444
69.59583333333333
45.431111111111115
51.91305555555556
53.60138888888889
62.44777777777778
67.82305555555556
45.227777777777774
55.59305555555556
41.27027777777778
48.4775
87.31361111111111
44.3
40.80638888888889
42.78277777777778
57.18333333333333
59.45916666666667
68.36416666666666
49.89888888888889
40.02361111111111
62.888888888888886
60.89611111111111
40.82055555555556
57.59027777777778
39.33166666666666
67.7713888888889
47.76138888888889
76.66638888888889
71.37222222222222
46.066944444444445
60.52611111111111
37.736666666666665
53.38472222222222
52.8475
52.278333333333336
65.36027777777778
43.19222222222222
40.156666666666666
51.39944444444444
45.68
46.611666666666665
60.49861111111111
39.653333333333336
50.6875
34.66388888888889
45.5675
73.4175
41.79222222222222
50.79555555555555
58.3575
42.56333333333333
40.57416666666666
41.69722222222222
48.85527777777778
37.158611111111114
60.07083333333333
42.620555555555555
54.554722222222225
46.382777777777775
40.82138888888889
39.89083333333333
46.99055555555555
63.033055555555556
43.7425
66.86916666666667
39.522222222222226
58.38805555555555
54.29138888888889
46.82611111111111
55.44083333333333
39.91416666666667
43.18
33.18944444444445
56.157222222222224
42.20722222222222
44.71472222222222
59.45583333333333
45.019444444444446
38.93138888888889
55.888888888888886
33.39361111111111
37.76416666666667
45.128055555555555
37.31638888888889
60.31444444444445
37.20861111111111
48.073055555555555
46.130833333333335
43.25
33.371944444444445
44.25416666666667
46.79416666666667
29.885277777777777
40.46138888888889
41.531666666666666
38.640277777777776
39.0
124.72666666666667
43.166666666666664
46.378055555555555
44.08972222222222
47.14277777777778
39.39861111111111
45.778888888888886
44.818888888888885
48.81916666666667
30.85361111111111
39.01166666666666
43.268055555555556
45.38666666666666
42.74777777777778
37.25666666666667
38.61416666666667
44.007777777777775
37.45
35.6625
38.35916666666667
49.09583333333333
45.79666666666667
53.40972222222222
57.62222222222222
41.9875
73.91277777777778
34.9875
42.43527777777778
45.48861111111111
39.90222222222222
38.80083333333334
67.3175
47.07861111111111
37.2225
40.84777777777778
57.139722222222225
40.63722222222222
47.64083333333333
40.34222222222222
41.256388888888885
41.68888888888889
42.74472222222222
51.155833333333334
32.98555555555556
52.19722222222222
33.15638888888889
30.406111111111112
37.489444444444445
61.61333333333334
52.81805555555555
34.53611111111111
38.10861111111111
34.60388888888889
36.098055555555554
56.50111111111111
38.31444444444445
34.92388888888889
36.65416666666667
42.585
62.64055555555556
53.29611111111111
42.90694444444444
33.85611111111111
75.00638888888889
39.68472222222222
33.72472222222222
44.0825
34.161944444444444
35.72138888888889
35.14527777777778
57.80583333333333
37.6375
35.99611111111111
37.32138888888889
35.92111111111111
46.755833333333335
55.07805555555556
34.110277777777775
32.98
38.339444444444446
63.41305555555556
45.93055555555556
34.632222222222225
34.52638888888889
40.535
32.753055555555555
40.48305555555555
26.57888888888889
34.228611111111114
34.819722222222225
30.42222222222222
31.793055555555554
28.212222222222223
44.83611111111111
26.4925
43.73583333333333
30.118333333333332
31.210555555555555
39.6125
32.71222222222222
35.0975
45.03527777777778
39.797777777777775
45.825
39.490833333333335
36.52722222222222
30.809722222222224
26.63222222222222
35.933055555555555
35.61972222222222
27.716944444444444
30.305555555555557
40.855555555555554
30.235833333333332
35.21722222222222
30.02
29.237222222222222
31.517222222222223
30.64666666666667
43.68972222222222
31.177777777777777
30.855
37.327222222222225
36.110277777777775
33.78527777777778
36.9025
33.92444444444445
26.287222222222223
39.4925
46.07611111111111
37.23166666666667
58.00888888888889
41.48083333333334
52.200833333333335
33.13194444444444
45.440555555555555
32.80027777777778
28.337777777777777
24.880277777777778
35.49388888888889
38.221666666666664
25.670833333333334
35.70527777777778
28.70638888888889
36.55777777777778
29.398055555555555
32.96527777777778
34.72138888888889
32.57861111111111
38.35138888888889
38.68805555555556
35.55138888888889
33.525555555555556
32.155277777777776
35.198055555555555
30.29277777777778
48.675555555555555
38.29333333333334
43.11083333333333
30.38722222222222
31.895
37.80694444444445
42.58083333333333
30.830833333333334
36.03
36.20527777777778
38.12638888888889
29.941944444444445
33.65111111111111
40.53638888888889
31.90888888888889
28.879166666666666
41.29083333333333
34.39194444444445
34.11638888888889
32.06138888888889
31.8825
39.73
34.21472222222222
36.50527777777778
35.88638888888889
32.69416666666667
41.44111111111111
23.00777777777778
28.68611111111111
36.15694444444444
43.99666666666667
31.824166666666667
22.668333333333333
40.918055555555554
29.106944444444444
26.235555555555557
39.76833333333333
34.06722222222222
44.62
28.537222222222223
37.49305555555556
29.879166666666666
48.72555555555556
29.948333333333334
28.156666666666666
33.61138888888889
20.738611111111112
26.63277777777778
25.878888888888888
34.45444444444445
36.16555555555556
35.922777777777775
24.279722222222222
31.563333333333333
33.12222222222222
37.384166666666665
41.846666666666664
31.82611111111111
34.992222222222225
33.71472222222222
41.775
26.84777777777778
31.463333333333335
25.109166666666667
33.1275
23.72861111111111
39.195
38.66972222222222
35.97277777777778
29.914166666666667
33.466388888888886
40.74388888888889
25.116666666666667
45.26083333333333
26.226388888888888
32.39694444444444
29.299722222222222
66.02305555555556
30.285555555555554
24.961388888888887
26.48777777777778
33.92638888888889
30.45888888888889
29.2175
36.764722222222225
24.100555555555555
30.18722222222222
26.89388888888889
29.534444444444443
45.40638888888889
26.97222222222222
31.081666666666667
28.51861111111111
27.77138888888889
26.239166666666666
25.078055555555554
31.48111111111111
24.351944444444445
31.073333333333334
22.97
28.466666666666665
29.356944444444444
26.377777777777776
34.13166666666667
24.39388888888889
31.6575
31.077222222222222
27.45611111111111
31.57611111111111
24.120277777777776
23.69611111111111
25.337777777777777
23.204166666666666
29.00111111111111
26.1325
31.996111111111112
31.531388888888888
27.605833333333333
28.399444444444445
50.016666666666666
37.04888888888889
44.257777777777775
225.74805555555557
25.66027777777778
39.888888888888886
34.97611111111111
28.450277777777778
25.948333333333334
33.07833333333333
20.988333333333333
33.281666666666666
40.81444444444445
28.28611111111111
92.40833333333333
28.41027777777778
22.906388888888888
26.660555555555554
28.611666666666668
40.43138888888889
24.77611111111111
28.34111111111111
29.43861111111111
23.482222222222223
30.678055555555556
26.0625
28.57111111111111
28.950277777777778
26.986944444444443
30.144166666666667
23.456666666666667
28.941388888888888
23.900277777777777
30.251944444444444
21.685555555555556
30.14138888888889
28.81972222222222
26.801388888888887
28.386111111111113
31.278333333333332
23.195555555555554
24.47833333333333
26.561666666666667
26.136388888888888
27.493333333333332
24.9325
24.29138888888889
31.834444444444443
28.058055555555555
42.44555555555556
23.203333333333333
26.6525
31.409444444444443
32.782222222222224
24.73027777777778
23.95
25.081944444444446
24.408333333333335
22.75138888888889
26.216944444444444
20.089444444444446
26.052777777777777
27.93888888888889
26.104444444444443
28.4875
38.42027777777778
23.370277777777776
29.57472222222222
25.278333333333332
26.404166666666665
22.545277777777777
22.91111111111111
20.01388888888889
21.858055555555556
22.280555555555555
28.038888888888888
23.293055555555554
29.0775
30.94361111111111
27.525833333333335
21.802222222222223
35.3775
20.986666666666668
27.6525
22.239444444444445
25.1775
49.28527777777778
26.500833333333333
43.922777777777775
23.752222222222223
27.205833333333334
25.940555555555555
42.00972222222222
29.940555555555555
30.08222222222222
22.970555555555556
23.99861111111111
24.65388888888889
40.785833333333336
25.442222222222224
43.80638888888889
30.870833333333334
25.413055555555555
27.46472222222222
39.20055555555555
21.069166666666668
29.246666666666666
28.40361111111111
21.14527777777778
27.70722222222222
22.2325
39.65361111111111
28.046944444444446
61.48888888888889
37.598333333333336
24.433611111111112
23.0075
24.149722222222223
25.14527777777778
25.30027777777778
41.99111111111111
24.366944444444446
21.942777777777778
18.661944444444444
22.037777777777777
24.200555555555557
23.3275
22.40888888888889
32.08361111111111
29.139444444444443
27.031666666666666
22.003055555555555
25.558055555555555
23.115833333333335
24.29611111111111
23.588055555555556
19.54111111111111
43.041111111111114
17.2925
25.738333333333333
17.782777777777778
23.76861111111111
23.713055555555556
22.475555555555555
26.322777777777777
20.551388888888887
24.253055555555555
27.24888888888889
25.3775
38.45583333333333
21.026666666666667
20.098333333333333
20.468611111111112
28.11722222222222
22.81111111111111
25.8175
28.13361111111111
32.239444444444445
17.595277777777778
19.261666666666667
25.102777777777778
19.627222222222223
25.273888888888887
23.67527777777778
22.65972222222222
39.65083333333333
17.977222222222224
24.359444444444446
20.79388888888889
18.610555555555557
22.20777777777778
23.045833333333334
27.57027777777778
20.765833333333333
26.988055555555555
23.313055555555554
50.58305555555555
27.430555555555557
30.246111111111112
18.669444444444444
32.50611111111111
19.586111111111112
22.654722222222222
21.53472222222222
25.145833333333332
32.132222222222225
29.338333333333335
26.988611111111112
23.478055555555557
27.465555555555557
24.75777777777778
18.761111111111113
23.988888888888887
28.18111111111111
17.028055555555557
23.085277777777776
30.029166666666665
22.619444444444444
18.23138888888889
20.658333333333335
30.92527777777778
19.86861111111111
22.26222222222222
19.703055555555554
20.525277777777777
24.075833333333332
19.128888888888888
20.71527777777778
23.840833333333332
28.75138888888889
24.246944444444445
24.58861111111111
33.3875
28.18611111111111
18.03611111111111
23.87638888888889
35.617222222222225
15.534444444444444
21.044722222222223
24.358055555555556
23.268055555555556
16.218888888888888
34.29555555555555
29.934444444444445
27.334444444444443
21.890555555555554
24.26888888888889
26.046944444444446
22.88138888888889
17.369722222222222
16.82111111111111
34.54361111111111
18.87611111111111
28.811944444444446
