1.7452777777777777
1.5122222222222221
1.1052777777777778
1.625
1.1119444444444444
1.3622222222222222
1.4469444444444444
1.1330555555555555
1.6975
1.915
0.9508333333333333
1.4708333333333334
1.2880555555555555
1.1711111111111112
0.9233333333333333
1.466388888888889
1.1841666666666666
1.0872222222222223
1.668611111111111
1.14
1.5402777777777779
1.8022222222222222
0.8352777777777778
1.0197222222222222
1.1294444444444445
1.1272222222222221
1.2058333333333333
0.8952777777777777
1.0930555555555554
0.7891666666666667
1.093611111111111
1.7858333333333334
0.9166666666666666
1.5766666666666667
1.1416666666666666
2.077777777777778
1.646111111111111
1.1747222222222222
1.0430555555555556
1.0877777777777777
1.08
1.3711111111111112
1.2177777777777778
1.226388888888889
1.0508333333333333
1.1233333333333333
1.2191666666666667
1.0944444444444446
1.2630555555555556
1.5233333333333334
0.8355555555555556
0.8358333333333333
0.9905555555555555
1.2730555555555556
1.133888888888889
1.39
1.0069444444444444
1.4133333333333333
1.1894444444444445
0.9280555555555555
1.19
1.0888888888888888
1.1130555555555555
1.2794444444444444
0.9819444444444444
1.2747222222222223
1.2247222222222223
1.1994444444444445
1.2355555555555555
1.8952777777777778
0.7488888888888889
0.7561111111111111
1.3186111111111112
0.9308333333333333
1.0777777777777777
0.9130555555555555
1.238888888888889
1.0916666666666666
1.0233333333333334
0.9855555555555555
1.2505555555555556
0.7505555555555555
1.1880555555555556
1.1333333333333333
0.9430555555555555
1.0797222222222222
1.1708333333333334
0.7744444444444445
1.281111111111111
1.0155555555555555
0.8577777777777778
0.9708333333333333
0.7972222222222223
0.9872222222222222
1.2069444444444444
1.1655555555555555
0.7055555555555556
0.9661111111111111
1.0013888888888889
1.0441666666666667
1.0163888888888888
0.9941666666666666
0.7788888888888889
1.0108333333333333
0.8686111111111111
0.8788888888888889
1.4477777777777778
1.1994444444444445
0.9819444444444444
1.0222222222222221
1.146111111111111
1.113611111111111
0.7605555555555555
0.8533333333333334
0.6597222222222222
0.8266666666666667
0.9219444444444445
1.0027777777777778
0.9947222222222222
0.7325
0.9680555555555556
1.2377777777777779
0.7716666666666666
0.8888888888888888
0.7797222222222222
0.8002777777777778
1.6330555555555555
1.2319444444444445
0.9647222222222223
0.7708333333333334
0.8758333333333334
1.2041666666666666
0.8469444444444445
1.2325
0.7480555555555556
1.1216666666666666
0.8033333333333333
0.8608333333333333
0.7375
0.7
0.7630555555555556
0.9727777777777777
0.8011111111111111
0.7105555555555556
0.7497222222222222
0.8897222222222222
0.8669444444444444
0.8583333333333333
1.0852777777777778
0.8233333333333334
0.7397222222222222
1.0380555555555555
0.7988888888888889
0.9841666666666666
0.7466666666666667
0.8675
0.9663888888888889
0.7997222222222222
0.8613888888888889
0.7316666666666667
0.6116666666666667
0.7641666666666667
0.9252777777777778
1.0869444444444445
0.7811111111111111
0.6702777777777778
1.4933333333333334
0.7041666666666667
0.8661111111111112
0.8311111111111111
0.8627777777777778
0.7419444444444444
0.8477777777777777
0.8333333333333334
0.9944444444444445
0.6561111111111111
0.6566666666666666
0.7283333333333334
0.7352777777777778
0.9780555555555556
0.7144444444444444
0.9791666666666666
0.7491666666666666
0.6105555555555555
0.7830555555555555
0.8658333333333333
0.6813888888888889
1.0358333333333334
0.6958333333333333
0.7119444444444445
0.7536111111111111
0.6652777777777777
0.8519444444444444
0.6419444444444444
0.8736111111111111
0.7027777777777777
1.2422222222222221
0.8577777777777778
0.7902777777777777
0.8608333333333333
0.6711111111111111
0.9333333333333333
0.9691666666666666
0.6841666666666667
0.6366666666666667
0.6011111111111112
0.8858333333333334
0.5786111111111111
0.7783333333333333
0.5813888888888888
0.7844444444444445
0.6277777777777778
0.8619444444444444
0.6775
1.0097222222222222
0.8116666666666666
0.9161111111111111
0.9425
0.7247222222222223
0.6966666666666667
0.6158333333333333
0.6963888888888888
0.6261111111111111
0.6102777777777778
1.0530555555555556
0.8338888888888889
0.5566666666666666
0.7369444444444444
0.7786111111111111
0.5741666666666667
0.6572222222222223
0.8566666666666667
0.8122222222222222
0.6986111111111111
0.7025
0.6747222222222222
0.8763888888888889
0.7922222222222223
0.775
0.6105555555555555
0.7866666666666666
0.7352777777777778
0.865
0.8141666666666667
0.6377777777777778
0.7141666666666666
0.6802777777777778
0.6444444444444445
0.7369444444444444
0.6455555555555555
0.6383333333333333
0.6188888888888889
0.9216666666666666
0.6466666666666666
0.6133333333333333
0.59
0.8388888888888889
0.49
0.8088888888888889
0.7333333333333333
0.68
0.5775
0.6455555555555555
0.7175
0.6169444444444444
0.5577777777777778
0.5822222222222222
0.8497222222222223
0.67
0.5583333333333333
0.6491666666666667
0.625
0.6663888888888889
0.6097222222222223
0.75
0.48194444444444445
0.9008333333333334
0.8036111111111112
0.5969444444444445
0.6025
0.9305555555555556
0.5719444444444445
0.6691666666666667
0.8580555555555556
0.5213888888888889
0.55
0.6875
0.6769444444444445
0.5902777777777778
0.7913888888888889
0.7261111111111112
0.6836111111111111
0.5702777777777778
0.5127777777777778
0.5580555555555555
0.6722222222222223
0.58
0.6113888888888889
0.8691666666666666
0.6852777777777778
0.5980555555555556
0.5463888888888889
0.7216666666666667
0.7138888888888889
0.6855555555555556
0.6813888888888889
0.6333333333333333
0.5502777777777778
0.7241666666666666
0.5763888888888888
0.5138888888888888
0.75
0.5688888888888889
0.53
0.5830555555555555
0.6555555555555556
0.5838888888888889
0.5341666666666667
0.8433333333333334
0.58
0.5280555555555555
0.5019444444444444
0.6369444444444444
0.6536111111111111
0.7688888888888888
0.6805555555555556
0.7555555555555555
0.6102777777777778
0.5286111111111111
0.5516666666666666
0.4736111111111111
0.5558333333333333
0.4736111111111111
0.5930555555555556
0.5447222222222222
0.46
0.49027777777777776
0.5683333333333334
0.4922222222222222
0.5030555555555556
0.6327777777777778
0.925
0.7519444444444444
0.6013888888888889
0.5622222222222222
0.6619444444444444
0.5466666666666666
0.8027777777777778
0.6683333333333333
0.5436111111111112
0.6569444444444444
0.6058333333333333
0.5786111111111111
0.7058333333333333
0.6163888888888889
0.5408333333333334
0.4961111111111111
0.4988888888888889
0.5333333333333333
0.6133333333333333
0.7302777777777778
0.5005555555555555
0.4688888888888889
0.4572222222222222
0.5444444444444444
0.49777777777777776
0.5986111111111111
0.6402777777777777
0.5555555555555556
0.4361111111111111
0.5188888888888888
0.7080555555555555
0.6030555555555556
0.5219444444444444
0.6411111111111111
0.5402777777777777
0.45222222222222225
0.5405555555555556
0.5238888888888888
0.47333333333333333
0.5191666666666667
0.4836111111111111
0.5844444444444444
0.46
0.5163888888888889
0.5872222222222222
0.6308333333333334
0.5166666666666667
0.46055555555555555
0.5786111111111111
0.5238888888888888
0.5097222222222222
0.5563888888888889
0.4963888888888889
0.47555555555555556
0.555
0.4666666666666667
0.4955555555555556
0.4905555555555556
0.5383333333333333
0.5961111111111111
0.4686111111111111
0.5088888888888888
0.4266666666666667
0.4608333333333333
0.6788888888888889
0.46194444444444444
0.4136111111111111
0.44555555555555554
0.5225
0.5627777777777778
0.5761111111111111
0.4811111111111111
0.4463888888888889
0.5527777777777778
0.5930555555555556
0.44416666666666665
0.5508333333333333
0.4266666666666667
0.5733333333333334
0.5027777777777778
0.6491666666666667
0.6102777777777778
0.4658333333333333
0.5744444444444444
0.4088888888888889
0.4963888888888889
0.5080555555555556
0.5230555555555556
0.5652777777777778
0.45
0.42388888888888887
0.5047222222222222
0.4836111111111111
0.4836111111111111
0.5686111111111111
0.43166666666666664
0.495
0.3858333333333333
0.47444444444444445
0.6525
0.4444444444444444
0.48055555555555557
0.5094444444444445
0.4494444444444444
0.42083333333333334
0.4677777777777778
0.5108333333333334
0.40194444444444444
0.5202777777777777
0.4463888888888889
0.5497222222222222
0.4747222222222222
0.45916666666666667
0.4225
0.4638888888888889
0.6113888888888889
0.4338888888888889
0.5983333333333334
0.42583333333333334
0.5461111111111111
0.5213888888888889
0.4772222222222222
0.4911111111111111
0.43916666666666665
0.42527777777777775
0.38055555555555554
0.53
0.42583333333333334
0.4469444444444444
0.5611111111111111
0.4686111111111111
0.42527777777777775
0.5263888888888889
0.3675
0.4127777777777778
0.4627777777777778
0.3997222222222222
0.5263888888888889
0.39861111111111114
0.4613888888888889
0.46555555555555556
0.43944444444444447
0.3663888888888889
0.4552777777777778
0.5055555555555555
0.33944444444444444
0.43027777777777776
0.44416666666666665
0.42138888888888887
0.40805555555555556
0.7483333333333333
0.45361111111111113
0.47583333333333333
0.4419444444444444
0.4961111111111111
0.42944444444444446
0.4494444444444444
0.4552777777777778
0.45472222222222225
0.3572222222222222
0.4152777777777778
0.4330555555555556
0.4502777777777778
0.4488888888888889
0.41333333333333333
0.40944444444444444
0.4363888888888889
0.39444444444444443
0.3927777777777778
0.3933333333333333
0.45694444444444443
0.4727777777777778
0.49972222222222223
0.5
0.4338888888888889
0.5858333333333333
0.3888888888888889
0.4475
0.44583333333333336
0.4305555555555556
0.43027777777777776
0.5494444444444444
0.4716666666666667
0.3902777777777778
0.42277777777777775
0.5008333333333334
0.43583333333333335
0.4747222222222222
0.40444444444444444
0.445
0.43555555555555553
0.44666666666666666
0.48194444444444445
0.35777777777777775
0.4772222222222222
0.35333333333333333
0.34055555555555556
0.4011111111111111
0.5294444444444445
0.49694444444444447
0.37333333333333335
0.38305555555555554
0.3663888888888889
0.3888888888888889
0.5255555555555556
0.40694444444444444
0.3763888888888889
0.3836111111111111
0.425
0.5213888888888889
0.4533333333333333
0.4313888888888889
0.3655555555555556
0.5830555555555555
0.4
0.37222222222222223
0.43722222222222223
0.36
0.39416666666666667
0.38027777777777777
0.4938888888888889
0.4083333333333333
0.3908333333333333
0.4002777777777778
0.38916666666666666
0.47333333333333333
0.46444444444444444
0.36444444444444446
0.3458333333333333
0.41583333333333333
0.5111111111111111
0.4361111111111111
0.38027777777777777
0.37166666666666665
0.4186111111111111
0.36333333333333334
0.4177777777777778
0.30416666666666664
0.3688888888888889
0.375
0.3363888888888889
0.3738888888888889
0.32722222222222225
0.4411111111111111
0.31083333333333335
0.4177777777777778
0.3441666666666667
0.3402777777777778
0.3933333333333333
0.3622222222222222
0.37916666666666665
0.44416666666666665
0.4036111111111111
0.4463888888888889
0.38861111111111113
0.3972222222222222
0.3486111111111111
0.31194444444444447
0.38805555555555554
0.3908333333333333
0.30694444444444446
0.3347222222222222
0.4255555555555556
0.34305555555555556
0.3811111111111111
0.3325
0.31805555555555554
0.3475
0.3397222222222222
0.43333333333333335
0.34555555555555556
0.33444444444444443
0.38
0.36777777777777776
0.36277777777777775
0.3836111111111111
0.3638888888888889
0.29694444444444446
0.42694444444444446
0.40055555555555555
0.38722222222222225
0.4888888888888889
0.42388888888888887
0.48083333333333333
0.3497222222222222
0.44805555555555554
0.35944444444444446
0.3136111111111111
0.29555555555555557
0.38861111111111113
0.4091666666666667
0.30416666666666664
0.36444444444444446
0.3269444444444444
0.37722222222222224
0.3338888888888889
0.35194444444444445
0.37666666666666665
0.3347222222222222
0.4027777777777778
0.4083333333333333
0.3861111111111111
0.3488888888888889
0.3269444444444444
0.37
0.33666666666666667
0.44222222222222224
0.37722222222222224
0.4058333333333333
0.3338888888888889
0.3433333333333333
0.3863888888888889
0.4177777777777778
0.3436111111111111
0.3819444444444444
0.3836111111111111
0.3838888888888889
0.3302777777777778
0.3641666666666667
0.4047222222222222
0.3525
0.32166666666666666
0.4225
0.37722222222222224
0.36083333333333334
0.36583333333333334
0.34694444444444444
0.42333333333333334
0.3572222222222222
0.37833333333333335
0.3863888888888889
0.35083333333333333
0.415
0.2775
0.31833333333333336
0.3869444444444444
0.4288888888888889
0.33
0.2697222222222222
0.40055555555555555
0.33361111111111114
0.2922222222222222
0.3972222222222222
0.36666666666666664
0.44916666666666666
0.31805555555555554
0.3713888888888889
0.3227777777777778
0.4419444444444444
0.31833333333333336
0.31055555555555553
0.36027777777777775
0.2475
0.2961111111111111
0.29888888888888887
0.3663888888888889
0.38
0.3638888888888889
0.2763888888888889
0.3402777777777778
0.3516666666666667
0.3813888888888889
0.42
0.35055555555555556
0.3641666666666667
0.35083333333333333
0.3972222222222222
0.29555555555555557
0.3552777777777778
0.28305555555555556
0.35055555555555556
0.26472222222222225
0.37972222222222224
0.3813888888888889
0.38722222222222225
0.3333333333333333
0.36444444444444446
0.39916666666666667
0.2816666666666667
0.4241666666666667
0.2947222222222222
0.35194444444444445
0.32305555555555554
0.4727777777777778
0.3386111111111111
0.2825
0.2927777777777778
0.3441666666666667
0.3322222222222222
0.32861111111111113
0.37222222222222223
0.28444444444444444
0.32666666666666666
0.2975
0.32722222222222225
0.41944444444444445
0.3086111111111111
0.3375
0.31527777777777777
0.3125
0.2833333333333333
0.2886111111111111
0.355
0.2825
0.3308333333333333
0.27361111111111114
0.3252777777777778
0.31972222222222224
0.2875
0.31527777777777777
0.2775
0.335
0.3269444444444444
0.2997222222222222
0.3436111111111111
0.2722222222222222
0.2708333333333333
0.2811111111111111
0.2702777777777778
0.31666666666666665
0.2975
0.33055555555555555
0.3283333333333333
0.29944444444444446
0.29694444444444446
0.39194444444444443
0.34944444444444445
0.4061111111111111
0.8897222222222222
0.2763888888888889
0.37
0.3630555555555556
0.3075
0.2772222222222222
0.3447222222222222
0.2544444444444444
0.36
0.3908333333333333
0.32611111111111113
0.5744444444444444
0.3036111111111111
0.2688888888888889
0.3038888888888889
0.32611111111111113
0.3561111111111111
0.2875
0.31305555555555553
0.31805555555555554
0.27416666666666667
0.32805555555555554
0.2833333333333333
0.31444444444444447
0.3211111111111111
0.3047222222222222
0.32305555555555554
0.2683333333333333
0.31166666666666665
0.27361111111111114
0.3169444444444444
0.2544444444444444
0.3283333333333333
0.30972222222222223
0.29888888888888887
0.30833333333333335
0.32472222222222225
0.2708333333333333
0.2872222222222222
0.29055555555555557
0.29583333333333334
0.3016666666666667
0.2838888888888889
0.2802777777777778
0.33444444444444443
0.30277777777777776
0.4086111111111111
0.27194444444444443
0.3
0.3438888888888889
0.32972222222222225
0.2727777777777778
0.27944444444444444
0.2788888888888889
0.27416666666666667
0.2561111111111111
0.29444444444444445
0.23777777777777778
0.2758333333333333
0.31083333333333335
0.29138888888888886
0.3013888888888889
0.34
0.26416666666666666
0.31472222222222224
0.2777777777777778
0.2966666666666667
0.2511111111111111
0.25666666666666665
0.24333333333333335
0.25805555555555554
0.2544444444444444
0.3011111111111111
0.2613888888888889
0.30944444444444447
0.3233333333333333
0.30416666666666664
0.255
0.325
0.2477777777777778
0.2961111111111111
0.24305555555555555
0.28194444444444444
0.44222222222222224
0.2922222222222222
0.3663888888888889
0.25972222222222224
0.2936111111111111
0.2833333333333333
0.37416666666666665
0.32222222222222224
0.3186111111111111
0.2586111111111111
0.2786111111111111
0.27805555555555556
0.3661111111111111
0.2783333333333333
0.4047222222222222
0.31916666666666665
0.2727777777777778
0.295
0.36833333333333335
0.24166666666666667
0.31166666666666665
0.2902777777777778
0.24583333333333332
0.29777777777777775
0.24194444444444443
0.3625
0.29638888888888887
0.46
0.3438888888888889
0.26694444444444443
0.25916666666666666
0.26611111111111113
0.2808333333333333
0.275
0.37722222222222224
0.2663888888888889
0.23777777777777778
0.22611111111111112
0.24861111111111112
0.2608333333333333
0.2594444444444444
0.25194444444444447
0.31777777777777777
0.29333333333333333
0.27416666666666667
0.2569444444444444
0.2777777777777778
0.2602777777777778
0.2772222222222222
0.2627777777777778
0.2175
0.37666666666666665
0.21444444444444444
0.26055555555555554
0.21388888888888888
0.2652777777777778
0.255
0.24694444444444444
0.28194444444444444
0.22694444444444445
0.24305555555555555
0.27444444444444444
0.27694444444444444
0.3675
0.23472222222222222
0.24
0.2386111111111111
0.3038888888888889
0.25222222222222224
0.2697222222222222
0.29777777777777775
0.3536111111111111
0.2088888888888889
0.22194444444444444
0.2658333333333333
0.22361111111111112
0.2791666666666667
0.2538888888888889
0.2638888888888889
0.3638888888888889
0.20916666666666667
0.2525
0.2325
0.20555555555555555
0.235
0.26222222222222225
0.27416666666666667
0.2388888888888889
0.2877777777777778
0.26472222222222225
0.42138888888888887
0.2816666666666667
0.30916666666666665
0.21722222222222223
0.32611111111111113
0.22833333333333333
0.2475
0.245
0.26555555555555554
0.31916666666666665
0.31222222222222223
0.29388888888888887
0.2611111111111111
0.2891666666666667
0.2658333333333333
0.21222222222222223
0.2675
0.2875
0.2025
0.24694444444444444
0.2902777777777778
0.2536111111111111
0.20694444444444443
0.24027777777777778
0.31583333333333335
0.23083333333333333
0.25916666666666666
0.21972222222222224
0.23305555555555554
0.2627777777777778
0.20805555555555555
0.23694444444444446
0.2619444444444444
0.2891666666666667
0.2663888888888889
0.2791666666666667
0.3244444444444444
0.2813888888888889
0.21833333333333332
0.2569444444444444
0.3402777777777778
0.18416666666666667
0.24138888888888888
0.26166666666666666
0.25972222222222224
0.19694444444444445
0.32972222222222225
0.29444444444444445
0.28555555555555556
0.23916666666666667
0.2688888888888889
0.2594444444444444
0.24416666666666667
0.20833333333333334
0.19611111111111112
0.31916666666666665
0.20694444444444443
0.2936111111111111
