196.07222222222222
109.5988888888889
115.095
157.09083333333334
274.09694444444443
173.32166666666666
121.87166666666667
123.345
129.29444444444445
292.94194444444446
94.50361111111111
237.25583333333333
190.85444444444445
116.74472222222222
266.5230555555556
308.03777777777776
216.37
179.46055555555554
98.97333333333333
282.03777777777776
260.84472222222223
185.25972222222222
274.74305555555554
176.16805555555555
115.05083333333333
149.49277777777777
97.98194444444445
153.60194444444446
140.15583333333333
195.26722222222222
97.97583333333333
130.4272222222222
150.5363888888889
180.27305555555554
138.67
154.71555555555557
112.09055555555555
143.5225
138.0263888888889
95.78083333333333
115.4375
154.39
130.2325
146.8386111111111
140.11194444444445
188.74027777777778
172.7422222222222
159.41833333333332
116.20555555555555
122.30277777777778
208.4361111111111
409.65305555555557
176.59944444444446
140.79611111111112
137.75416666666666
127.46638888888889
100.90222222222222
90.97416666666666
125.43888888888888
133.68027777777777
108.33666666666667
134.98722222222221
102.84527777777778
172.5963888888889
77.18972222222222
113.61194444444445
225.23805555555555
139.42416666666668
115.01277777777777
146.41666666666666
131.75416666666666
101.63833333333334
104.7063888888889
88.75111111111111
171.8022222222222
117.65694444444445
82.2786111111111
91.30583333333334
70.6536111111111
107.5825
187.9152777777778
117.76722222222222
101.95083333333334
191.11555555555555
115.55777777777777
113.29777777777778
183.10222222222222
85.8325
120.68083333333334
202.35666666666665
109.87361111111112
114.82388888888889
91.00305555555556
98.70777777777778
76.43277777777777
112.24527777777777
145.47305555555556
88.38777777777777
192.0713888888889
72.26944444444445
81.5
131.6447222222222
112.32333333333334
162.30972222222223
148.1172222222222
136.35944444444445
196.1486111111111
81.89305555555555
134.5702777777778
84.90444444444445
138.70583333333335
63.5225
82.15638888888888
121.88111111111111
141.16083333333333
109.76944444444445
78.9563888888889
107.35805555555555
98.60583333333334
104.94944444444444
90.30694444444444
155.97666666666666
102.20111111111112
93.63888888888889
84.51777777777778
173.07472222222222
84.2175
176.34555555555556
76.55027777777778
95.44027777777778
102.63305555555556
84.2238888888889
132.3463888888889
121.625
118.74472222222222
118.96666666666667
82.82944444444445
100.40527777777778
83.33416666666666
112.25222222222222
90.04777777777778
143.7486111111111
87.04888888888888
79.23027777777777
85.70722222222223
97.86972222222222
81.22805555555556
108.47472222222223
102.96305555555556
75.97055555555555
62.695
115.56861111111111
118.13861111111112
81.62666666666667
63.45583333333333
89.58472222222223
109.17555555555556
88.79305555555555
74.66333333333333
77.14083333333333
106.48944444444444
56.76972222222222
101.94388888888889
69.97416666666666
122.15027777777777
63.20611111111111
104.04527777777778
58.34888888888889
110.28833333333333
95.38888888888889
86.16527777777777
106.89361111111111
98.9075
74.02555555555556
127.19722222222222
95.69611111111111
97.75055555555555
69.26333333333334
74.06055555555555
48.08277777777778
92.57944444444445
95.88111111111111
76.72805555555556
61.31805555555555
100.5975
59.833333333333336
79.72777777777777
88.00361111111111
80.31944444444444
80.87055555555555
88.21555555555555
83.12666666666667
88.81555555555556
72.66166666666666
69.71277777777777
109.28416666666666
81.75472222222223
69.39222222222222
75.45055555555555
78.91583333333334
72.92222222222222
103.68138888888889
118.93194444444444
79.98666666666666
65.40833333333333
75.24444444444444
97.58555555555556
75.09027777777777
111.96055555555556
70.57638888888889
87.81138888888889
69.82972222222222
80.64194444444445
63.1075
114.09
82.72777777777777
60.5725
73.29944444444445
68.3711111111111
81.37083333333334
65.22611111111111
94.1025
88.65638888888888
61.10055555555556
109.48027777777777
80.49083333333333
83.39555555555556
63.82111111111111
119.60722222222222
60.86055555555556
75.65833333333333
57.48222222222222
77.18638888888889
102.42
83.84555555555555
71.49944444444445
83.90527777777778
77.3175
80.90083333333334
76.78444444444445
68.96944444444445
107.91583333333334
79.93833333333333
68.10888888888888
74.00694444444444
63.854166666666664
56.88333333333333
64.16055555555556
91.59805555555556
62.90638888888889
94.24027777777778
72.97194444444445
79.38638888888889
75.89472222222223
64.9636111111111
47.36638888888889
61.82666666666667
63.829166666666666
84.69916666666667
70.3025
75.43888888888888
55.98916666666667
73.28083333333333
109.45027777777777
68.74638888888889
54.65472222222222
91.815
60.35333333333333
71.74055555555556
52.58777777777778
84.48277777777778
87.98805555555556
72.00555555555556
94.03305555555555
83.90944444444445
57.999722222222225
93.29638888888888
95.37611111111111
63.91444444444444
68.15611111111112
83.12
63.790277777777774
63.350833333333334
105.8575
52.11944444444445
59.631388888888885
64.215
56.82861111111111
73.43777777777778
109.75083333333333
63.40638888888889
67.2213888888889
73.50916666666667
58.395833333333336
62.929722222222225
54.19694444444445
48.88388888888889
75.27722222222222
100.1025
75.74277777777777
88.745
59.57
61.66166666666667
76.5111111111111
63.71194444444444
74.39555555555556
78.13055555555556
64.62638888888888
72.66166666666666
61.770833333333336
50.01555555555556
72.90722222222222
68.4175
54.61944444444445
68.09055555555555
63.333888888888886
62.67055555555555
44.236666666666665
77.77222222222223
72.01083333333334
61.430277777777775
40.706944444444446
68.12916666666666
44.62888888888889
59.5075
74.18833333333333
79.47194444444445
72.26722222222222
84.98444444444445
79.09972222222223
49.909444444444446
59.06333333333333
49.1525
84.86083333333333
59.25388888888889
53.229166666666664
49.5475
64.6475
54.477777777777774
58.54805555555556
67.57638888888889
110.61722222222222
111.92055555555555
72.95361111111112
49.61694444444444
61.64194444444445
90.49722222222222
57.79277777777778
103.48305555555555
74.32527777777777
85.55777777777777
44.19861111111111
58.33722222222222
89.68166666666667
75.39333333333333
57.903055555555554
59.04194444444445
50.75222222222222
43.20861111111111
60.82694444444444
74.57027777777778
55.725
47.25944444444445
49.77
46.79833333333333
46.64555555555555
58.611666666666665
55.35333333333333
85.23972222222223
50.83305555555555
59.12138888888889
65.56388888888888
48.591944444444444
74.22361111111111
87.54083333333334
58.19638888888889
54.238055555555555
72.11444444444444
42.00694444444444
47.93527777777778
57.138888888888886
60.44111111111111
56.405277777777776
44.780277777777776
76.88805555555555
74.48
55.354166666666664
56.87777777777778
48.05166666666667
62.754444444444445
54.52611111111111
50.82555555555555
70.40027777777777
69.27055555555556
51.797222222222224
56.118611111111115
65.14861111111111
52.08694444444444
52.21
60.44083333333333
65.54416666666667
60.95
75.83416666666666
59.99805555555555
52.48166666666667
55.4625
86.87777777777778
43.22277777777778
40.16722222222222
64.05777777777777
58.96138888888889
69.06777777777778
63.28472222222222
62.5625
52.990833333333335
52.660833333333336
55.47694444444444
60.60916666666667
44.45916666666667
63.86972222222222
46.393055555555556
83.00722222222223
68.30611111111111
58.159166666666664
41.0
39.54138888888889
52.66388888888889
45.13388888888889
45.022777777777776
53.43222222222222
47.364444444444445
40.113055555555555
56.98
50.67527777777778
49.87638888888889
67.1613888888889
40.36805555555556
49.51833333333333
40.42611111111111
52.22555555555556
67.06972222222223
54.9475
62.775555555555556
60.35055555555556
44.73166666666667
33.320277777777775
47.687777777777775
45.846666666666664
36.77333333333333
41.93888888888889
61.353611111111114
45.65694444444444
44.20444444444445
50.7075
40.87111111111111
50.59638888888889
46.99861111111111
45.08861111111111
79.20055555555555
45.35388888888889
67.55333333333333
47.94305555555555
58.45722222222222
53.11972222222222
41.06027777777778
49.275
40.18333333333333
63.08611111111111
38.87555555555556
52.53638888888889
58.41972222222222
43.3425
50.76111111111111
63.521388888888886
46.797777777777775
42.095555555555556
58.3075
54.37361111111111
66.99888888888889
64.02972222222222
38.065
53.55888888888889
55.37222222222222
39.32472222222222
55.628055555555555
72.08833333333334
43.431666666666665
43.280277777777776
44.345555555555556
60.024166666666666
46.71055555555556
113.30777777777777
44.77916666666667
46.10805555555555
50.11472222222222
53.41166666666667
49.78944444444444
48.43138888888889
46.64972222222222
49.132777777777775
43.08305555555555
62.91583333333333
39.668055555555554
42.48694444444445
36.60444444444445
40.25472222222222
48.65222222222222
46.937222222222225
42.37972222222222
45.86277777777778
43.53888888888889
48.96388888888889
83.49555555555555
64.70444444444445
94.22055555555555
54.90777777777778
92.09972222222223
57.70527777777778
35.013333333333335
46.776666666666664
42.56638888888889
35.865
68.45611111111111
50.6225
40.99027777777778
38.92638888888889
62.776666666666664
53.02111111111111
44.909166666666664
41.87888888888889
53.11138888888889
46.34305555555556
50.199444444444445
55.38472222222222
36.025555555555556
62.371944444444445
50.54333333333334
30.809444444444445
38.68638888888889
78.73166666666667
59.466388888888886
35.44361111111111
34.7275
36.833333333333336
39.09166666666667
63.298611111111114
44.51444444444444
36.549166666666665
46.39055555555556
50.39277777777778
55.50138888888889
57.26638888888889
41.33111111111111
31.1625
76.77722222222222
34.87583333333333
35.59916666666667
38.63583333333333
38.6975
38.88944444444444
39.11055555555556
47.0725
37.67888888888889
58.471111111111114
37.25611111111111
40.12777777777778
34.60638888888889
41.602777777777774
43.88361111111111
33.53055555555556
44.16111111111111
56.84527777777778
47.827777777777776
43.96666666666667
42.29277777777778
43.97888888888889
35.67166666666667
37.45027777777778
29.509444444444444
41.26361111111111
53.18222222222222
34.970555555555556
39.44138888888889
38.562777777777775
59.13361111111111
31.299444444444443
57.624722222222225
47.415
39.172222222222224
41.41916666666667
39.028055555555554
32.060833333333335
42.966388888888886
51.715555555555554
49.48388888888889
43.19694444444445
39.37166666666667
31.27777777777778
30.754444444444445
38.12833333333333
34.574444444444445
45.24472222222222
31.60388888888889
50.628055555555555
32.454166666666666
38.761944444444445
38.15277777777778
34.024166666666666
45.2375
34.52361111111111
52.73694444444445
38.312777777777775
45.588055555555556
44.08694444444444
45.02055555555555
49.93666666666667
40.1975
38.805
31.77027777777778
48.45861111111111
60.72
36.34972222222222
70.44083333333333
47.661944444444444
45.054722222222225
49.405833333333334
42.76583333333333
35.367777777777775
36.335
28.78472222222222
59.56944444444444
42.96194444444444
37.28388888888889
40.57666666666667
38.3675
47.25805555555556
35.895
39.87777777777778
40.14527777777778
37.45583333333333
34.79361111111111
41.54083333333333
46.23833333333334
30.455555555555556
30.83888888888889
36.275555555555556
34.37388888888889
53.05138888888889
39.11888888888889
47.78138888888889
43.678333333333335
32.373333333333335
42.24861111111111
64.28527777777778
44.150555555555556
37.90555555555556
38.37888888888889
34.89111111111111
33.59527777777778
40.77638888888889
50.01777777777778
32.20472222222222
35.3725
39.03944444444444
34.62722222222222
41.43361111111111
36.62277777777778
36.27444444444444
37.35055555555556
43.56805555555555
38.86638888888889
43.92444444444445
32.85666666666667
36.80861111111111
30.149444444444445
38.838055555555556
40.731944444444444
39.28194444444444
35.110277777777775
31.35638888888889
48.611666666666665
29.44638888888889
39.98777777777778
50.704166666666666
38.55833333333333
48.318888888888885
33.46138888888889
37.00055555555556
44.19
56.13666666666666
34.24055555555555
36.01638888888889
34.65138888888889
29.7825
40.867777777777775
32.98555555555556
36.422222222222224
38.825
53.216388888888886
32.424166666666665
37.11277777777778
31.54111111111111
37.74805555555555
39.31138888888889
36.151666666666664
42.636944444444445
37.139722222222225
42.82333333333333
29.753888888888888
35.19222222222222
31.49222222222222
33.79638888888889
33.46861111111111
39.00361111111111
43.255
33.01972222222222
39.93972222222222
36.73
37.32
31.615833333333335
46.9225
31.35972222222222
33.82666666666667
29.581944444444446
39.90888888888889
35.40611111111111
31.014722222222222
33.76777777777778
44.06111111111111
37.95055555555555
30.376944444444444
40.14472222222222
30.128055555555555
43.441944444444445
34.948055555555555
36.39611111111111
51.4925
32.01555555555556
37.34888888888889
34.15027777777778
34.63805555555555
36.82138888888889
33.95194444444444
34.91
32.295
34.82888888888889
34.81527777777778
34.86944444444445
42.79194444444445
36.8425
27.926111111111112
27.801388888888887
47.70194444444444
31.864444444444445
36.92916666666667
30.769166666666667
33.82416666666666
67.65333333333334
28.888333333333332
30.989722222222223
32.61888888888889
28.5425
30.07472222222222
36.62638888888889
30.06111111111111
30.32111111111111
44.69166666666667
38.27972222222222
35.110277777777775
43.51833333333333
36.6525
33.285555555555554
35.86888888888889
28.848055555555554
39.24611111111111
31.34138888888889
24.84
38.312777777777775
50.76305555555555
29.258333333333333
44.09861111111111
39.291111111111114
31.71361111111111
33.27777777777778
42.841944444444444
34.3325
32.04972222222222
29.251944444444444
30.55361111111111
29.782777777777778
34.613055555555555
28.509166666666665
26.82
31.384166666666665
34.515
31.35472222222222
31.05527777777778
38.33972222222222
30.368333333333332
36.41777777777778
30.145555555555557
35.22472222222222
32.38055555555555
33.873333333333335
34.221111111111114
28.7575
28.66111111111111
31.325833333333332
41.7625
32.91277777777778
31.110277777777778
32.98888888888889
31.933055555555555
74.08777777777777
30.70888888888889
41.522777777777776
28.44333333333333
36.456944444444446
30.843333333333334
33.158055555555556
26.92222222222222
34.278055555555554
31.127777777777776
25.84138888888889
24.90222222222222
30.02166666666667
27.639444444444443
25.7375
34.30722222222222
31.74277777777778
29.01638888888889
29.505
28.361944444444443
30.560555555555556
28.78
30.168333333333333
37.166111111111114
25.49416666666667
25.72277777777778
25.057777777777776
27.726666666666667
29.849166666666665
29.873055555555556
26.877777777777776
42.249722222222225
29.697222222222223
30.08361111111111
32.918055555555554
27.3225
30.75
24.085833333333333
34.165
55.84305555555556
37.46361111111111
46.66916666666667
28.518055555555556
31.00027777777778
26.968611111111112
49.797222222222224
50.475
29.272222222222222
27.28472222222222
29.093888888888888
24.469444444444445
60.111666666666665
37.77777777777778
41.423611111111114
42.903055555555554
35.698055555555555
36.368611111111115
42.125277777777775
34.18277777777778
35.79888888888889
27.099444444444444
24.765
30.260833333333334
22.352222222222224
30.05388888888889
36.5425
68.23
32.935
35.38777777777778
32.632777777777775
26.719444444444445
30.717222222222222
29.665277777777778
39.81333333333333
29.6025
27.20388888888889
26.246666666666666
28.929444444444446
28.56861111111111
26.989722222222223
30.24138888888889
36.35916666666667
34.82388888888889
37.44833333333333
27.585555555555555
34.477222222222224
33.659444444444446
28.095
35.07472222222222
23.3775
39.632777777777775
28.78
31.796666666666667
23.17
28.74111111111111
25.54361111111111
32.187777777777775
28.693055555555556
27.89666666666667
26.09888888888889
33.03638888888889
37.73722222222222
55.40111111111111
27.52888888888889
29.840555555555557
25.72861111111111
27.010555555555555
30.455
32.658611111111114
24.965
43.295833333333334
22.64361111111111
25.32611111111111
25.574444444444445
26.014444444444443
28.514444444444443
25.573055555555555
29.80027777777778
40.63361111111111
23.906111111111112
26.70611111111111
26.051666666666666
23.170833333333334
24.91861111111111
27.809722222222224
30.827222222222222
22.498333333333335
32.26861111111111
22.82138888888889
48.731944444444444
31.177222222222223
37.621944444444445
20.941111111111113
35.782222222222224
23.056944444444444
30.30472222222222
29.112222222222222
25.33972222222222
24.840833333333332
33.540277777777774
34.051944444444445
25.751666666666665
35.99666666666667
23.627777777777776
24.763055555555557
23.21611111111111
35.295
22.583055555555557
24.391666666666666
28.27722222222222
28.314444444444444
21.35638888888889
28.350833333333334
31.24
24.87
30.1225
23.97833333333333
24.774722222222223
31.814166666666665
25.093333333333334
22.878888888888888
26.725
31.76638888888889
26.89638888888889
37.253055555555555
51.91027777777778
30.441944444444445
24.575
25.01222222222222
43.30138888888889
24.63361111111111
26.93
25.735555555555557
28.92861111111111
24.908333333333335
31.226944444444445
33.88861111111111
32.306666666666665
25.81138888888889
29.598055555555554
27.349166666666665
25.871111111111112
23.901666666666667
21.32777777777778
46.4775
23.752222222222223
28.314444444444444
