1.5116666666666667
1.0025
1.1141666666666667
1.2238888888888888
1.753611111111111
1.3830555555555555
1.0483333333333333
1.0186111111111111
0.9777777777777777
1.9947222222222223
0.9175
1.6602777777777777
1.4436111111111112
1.0127777777777778
1.8747222222222222
1.856111111111111
1.5930555555555554
1.3711111111111112
0.9283333333333333
1.6597222222222223
1.4619444444444445
1.511388888888889
1.798888888888889
1.3211111111111111
1.0408333333333333
1.2166666666666666
0.8894444444444445
1.2236111111111112
1.2097222222222221
1.466388888888889
0.9125
1.1280555555555556
1.1194444444444445
1.408611111111111
1.1516666666666666
1.1941666666666666
1.0258333333333334
1.2302777777777778
1.1436111111111111
0.9427777777777778
1.0055555555555555
1.19
1.1366666666666667
1.1813888888888888
1.1358333333333333
1.3330555555555557
1.2402777777777778
1.2230555555555556
0.9952777777777778
1.0458333333333334
1.603888888888889
2.4586111111111113
1.3422222222222222
1.1044444444444443
0.9933333333333333
1.1247222222222222
0.9461111111111111
0.8288888888888889
1.0508333333333333
1.0272222222222223
0.9286111111111112
1.1747222222222222
0.9816666666666667
1.1447222222222222
0.7463888888888889
0.9947222222222222
1.6455555555555557
1.2366666666666666
1.0527777777777778
1.2708333333333333
1.1502777777777777
0.8108333333333333
0.935
0.7772222222222223
1.3391666666666666
0.9152777777777777
0.8316666666666667
0.7952777777777778
0.7019444444444445
0.9630555555555556
1.2702777777777778
1.0047222222222223
0.9572222222222222
1.2366666666666666
0.9933333333333333
1.0030555555555556
1.2769444444444444
0.7977777777777778
1.0247222222222223
1.445
0.9788888888888889
1.0041666666666667
0.8461111111111111
0.8883333333333333
0.7308333333333333
0.9519444444444445
1.1791666666666667
0.8247222222222222
1.4111111111111112
0.7113888888888888
0.7875
1.0819444444444444
0.9227777777777778
1.305
1.0208333333333333
1.138611111111111
1.1575
0.765
1.0466666666666666
0.8319444444444445
1.0525
0.6611111111111111
0.7386111111111111
1.1025
1.176388888888889
0.9438888888888889
0.7697222222222222
0.9666666666666667
0.8772222222222222
0.9408333333333333
0.7913888888888889
1.18
0.8741666666666666
0.8327777777777777
0.7577777777777778
1.3897222222222223
0.8086111111111111
1.303611111111111
0.7619444444444444
0.8680555555555556
0.9283333333333333
0.8205555555555556
1.0566666666666666
1.0455555555555556
0.9708333333333333
1.0638888888888889
0.7769444444444444
0.8066666666666666
0.7755555555555556
0.91
0.8805555555555555
1.131388888888889
0.7405555555555555
0.7452777777777778
0.8002777777777778
0.8338888888888889
0.7472222222222222
0.8683333333333333
0.8758333333333334
0.7394444444444445
0.6569444444444444
0.9119444444444444
0.8747222222222222
0.7797222222222222
0.6338888888888888
0.8319444444444445
0.8975
0.8119444444444445
0.7316666666666667
0.6938888888888889
0.9822222222222222
0.6241666666666666
0.855
0.7180555555555556
0.9752777777777778
0.6191666666666666
0.8655555555555555
0.6316666666666667
0.9941666666666666
0.8405555555555555
0.7977777777777778
0.8547222222222223
0.865
0.7077777777777777
1.0711111111111111
0.8833333333333333
0.8325
0.7011111111111111
0.7263888888888889
0.5413888888888889
0.8230555555555555
0.8394444444444444
0.6908333333333333
0.6494444444444445
0.7902777777777777
0.6205555555555555
0.7922222222222223
0.8486111111111111
0.7388888888888889
0.7594444444444445
0.8113888888888889
0.7791666666666667
0.8311111111111111
0.7002777777777778
0.6852777777777778
0.8875
0.7288888888888889
0.7
0.7472222222222222
0.7794444444444445
0.7369444444444444
0.785
0.9027777777777778
0.7005555555555556
0.6491666666666667
0.6905555555555556
0.8297222222222222
0.7338888888888889
0.8875
0.7002777777777778
0.86
0.6822222222222222
0.7597222222222222
0.6244444444444445
0.9386111111111111
0.7833333333333333
0.6419444444444444
0.6772222222222222
0.6497222222222222
0.7572222222222222
0.6180555555555556
0.8108333333333333
0.7938888888888889
0.6236111111111111
0.8997222222222222
0.7138888888888889
0.7363888888888889
0.6125
0.9194444444444444
0.6133333333333333
0.7255555555555555
0.5961111111111111
0.7094444444444444
0.8294444444444444
0.6938888888888889
0.6566666666666666
0.7519444444444444
0.6905555555555556
0.7583333333333333
0.7116666666666667
0.6775
0.9125
0.7136111111111111
0.6766666666666666
0.6894444444444444
0.6391666666666667
0.6077777777777778
0.6311111111111111
0.7886111111111112
0.6697222222222222
0.8680555555555556
0.7025
0.6838888888888889
0.7013888888888888
0.6077777777777778
0.49083333333333334
0.61
0.6738888888888889
0.7483333333333333
0.6852777777777778
0.6552777777777777
0.5997222222222223
0.6752777777777778
0.9616666666666667
0.6713888888888889
0.5419444444444445
0.7952777777777778
0.5947222222222223
0.67
0.5566666666666666
0.7258333333333333
0.7658333333333334
0.7091666666666666
0.8488888888888889
0.7930555555555555
0.6138888888888889
0.7791666666666667
0.7947222222222222
0.6086111111111111
0.6591666666666667
0.6844444444444444
0.605
0.6338888888888888
0.8066666666666666
0.5255555555555556
0.5869444444444445
0.6372222222222222
0.5836111111111111
0.6555555555555556
0.8111111111111111
0.6113888888888889
0.6091666666666666
0.6308333333333334
0.5697222222222222
0.6286111111111111
0.5686111111111111
0.5011111111111111
0.6863888888888889
0.8661111111111112
0.69
0.8294444444444444
0.5716666666666667
0.6163888888888889
0.7236111111111111
0.6583333333333333
0.6713888888888889
0.6411111111111111
0.6697222222222222
0.7086111111111111
0.62
0.5397222222222222
0.6208333333333333
0.6516666666666666
0.5230555555555556
0.66
0.5852777777777778
0.6202777777777778
0.49277777777777776
0.7144444444444444
0.6583333333333333
0.615
0.4736111111111111
0.6091666666666666
0.5008333333333334
0.5502777777777778
0.6888888888888889
0.6383333333333333
0.6269444444444444
0.6827777777777778
0.6719444444444445
0.5
0.5527777777777778
0.4955555555555556
0.7088888888888889
0.5916666666666667
0.5758333333333333
0.5361111111111111
0.6047222222222223
0.5475
0.5966666666666667
0.6558333333333334
0.7805555555555556
0.8561111111111112
0.6375
0.5027777777777778
0.6152777777777778
0.7380555555555556
0.5336111111111111
0.7527777777777778
0.64
0.7033333333333334
0.48305555555555557
0.5763888888888888
0.7108333333333333
0.6530555555555555
0.5233333333333333
0.5311111111111111
0.5486111111111112
0.46
0.5786111111111111
0.6852777777777778
0.5819444444444445
0.5077777777777778
0.5036111111111111
0.49
0.4880555555555556
0.5933333333333334
0.5547222222222222
0.7227777777777777
0.5444444444444444
0.5983333333333334
0.6125
0.5305555555555556
0.6569444444444444
0.7536111111111111
0.5591666666666667
0.5486111111111112
0.6205555555555555
0.4469444444444444
0.49722222222222223
0.5827777777777777
0.5655555555555556
0.5644444444444444
0.4588888888888889
0.6886111111111111
0.6463888888888889
0.5683333333333334
0.5866666666666667
0.49
0.6136111111111111
0.5363888888888889
0.5083333333333333
0.5994444444444444
0.6061111111111112
0.5027777777777778
0.5455555555555556
0.6005555555555555
0.5194444444444445
0.5377777777777778
0.5819444444444445
0.5944444444444444
0.5605555555555556
0.6311111111111111
0.5786111111111111
0.5094444444444445
0.5466666666666666
0.6797222222222222
0.4691666666666667
0.43666666666666665
0.5786111111111111
0.5555555555555556
0.6316666666666667
0.5780555555555555
0.6066666666666667
0.5369444444444444
0.5605555555555556
0.5702777777777778
0.5933333333333334
0.45055555555555554
0.6177777777777778
0.4897222222222222
0.7047222222222222
0.6044444444444445
0.5577777777777778
0.4588888888888889
0.435
0.5138888888888888
0.49944444444444447
0.465
0.5077777777777778
0.4905555555555556
0.44222222222222224
0.5488888888888889
0.5147222222222222
0.5175
0.6338888888888888
0.445
0.47833333333333333
0.4538888888888889
0.5305555555555556
0.6172222222222222
0.5516666666666666
0.5472222222222223
0.5480555555555555
0.47888888888888886
0.36833333333333335
0.4911111111111111
0.49
0.3997222222222222
0.46194444444444444
0.5341666666666667
0.4880555555555556
0.5022222222222222
0.5111111111111111
0.4483333333333333
0.5216666666666666
0.48444444444444446
0.4661111111111111
0.6388888888888888
0.4841666666666667
0.5813888888888888
0.48833333333333334
0.5788888888888889
0.54
0.4597222222222222
0.5458333333333333
0.4483333333333333
0.5847222222222223
0.40305555555555556
0.5241666666666667
0.5486111111111112
0.46555555555555556
0.5116666666666667
0.5877777777777777
0.5027777777777778
0.44972222222222225
0.5558333333333333
0.5194444444444445
0.6183333333333333
0.5286111111111111
0.43694444444444447
0.5194444444444445
0.5380555555555555
0.44472222222222224
0.5744444444444444
0.5925
0.4625
0.455
0.4622222222222222
0.5938888888888889
0.4822222222222222
0.7788888888888889
0.4702777777777778
0.4922222222222222
0.5511111111111111
0.5263888888888889
0.5113888888888889
0.48944444444444446
0.47805555555555557
0.47805555555555557
0.48305555555555557
0.5686111111111111
0.4461111111111111
0.43916666666666665
0.42027777777777775
0.44
0.4747222222222222
0.4905555555555556
0.4494444444444444
0.49277777777777776
0.43972222222222224
0.4961111111111111
0.6655555555555556
0.5822222222222222
0.7122222222222222
0.5438888888888889
0.6961111111111111
0.5294444444444445
0.40305555555555556
0.4891666666666667
0.4661111111111111
0.41305555555555556
0.6133333333333333
0.5416666666666666
0.46
0.41555555555555557
0.5661111111111111
0.5475
0.46111111111111114
0.42833333333333334
0.5261111111111111
0.4847222222222222
0.4786111111111111
0.5316666666666666
0.4152777777777778
0.5827777777777777
0.4925
0.3477777777777778
0.43277777777777776
0.6186111111111111
0.5719444444444445
0.3813888888888889
0.3988888888888889
0.41
0.4336111111111111
0.5880555555555556
0.4266666666666667
0.4197222222222222
0.5119444444444444
0.5097222222222222
0.5025
0.545
0.44722222222222224
0.3655555555555556
0.6088888888888889
0.3883333333333333
0.4011111111111111
0.43166666666666664
0.4272222222222222
0.42138888888888887
0.42527777777777775
0.4558333333333333
0.42027777777777775
0.5252777777777777
0.40944444444444444
0.42916666666666664
0.38916666666666666
0.42027777777777775
0.4822222222222222
0.36583333333333334
0.44666666666666666
0.5516666666666666
0.46
0.45305555555555554
0.44027777777777777
0.4675
0.41833333333333333
0.42694444444444446
0.35638888888888887
0.4494444444444444
0.5158333333333334
0.39916666666666667
0.4255555555555556
0.42
0.5241666666666667
0.36277777777777775
0.5791666666666667
0.485
0.40555555555555556
0.4722222222222222
0.4186111111111111
0.36
0.4608333333333333
0.49916666666666665
0.4688888888888889
0.45555555555555555
0.4330555555555556
0.36777777777777776
0.3597222222222222
0.42777777777777776
0.39416666666666667
0.4716666666666667
0.3552777777777778
0.4986111111111111
0.36333333333333334
0.41555555555555557
0.41805555555555557
0.37277777777777776
0.4661111111111111
0.39194444444444443
0.4925
0.3972222222222222
0.4413888888888889
0.4527777777777778
0.46111111111111114
0.47305555555555556
0.4083333333333333
0.4088888888888889
0.3475
0.44916666666666666
0.5072222222222222
0.38472222222222224
0.5791666666666667
0.4847222222222222
0.44555555555555554
0.49694444444444447
0.44305555555555554
0.3927777777777778
0.4002777777777778
0.33194444444444443
0.4897222222222222
0.42833333333333334
0.415
0.4236111111111111
0.40944444444444444
0.4875
0.3875
0.4038888888888889
0.4461111111111111
0.3888888888888889
0.3888888888888889
0.4452777777777778
0.4922222222222222
0.3386111111111111
0.3525
0.4002777777777778
0.4022222222222222
0.47305555555555556
0.4008333333333333
0.44333333333333336
0.4191666666666667
0.37166666666666665
0.44305555555555554
0.5336111111111111
0.44
0.42388888888888887
0.41638888888888886
0.3908333333333333
0.3827777777777778
0.43555555555555553
0.45222222222222225
0.3572222222222222
0.3811111111111111
0.4177777777777778
0.3775
0.45666666666666667
0.3972222222222222
0.4052777777777778
0.4033333333333333
0.45444444444444443
0.42777777777777776
0.45055555555555554
0.3738888888888889
0.4063888888888889
0.3552777777777778
0.43777777777777777
0.43027777777777776
0.4266666666666667
0.3838888888888889
0.3586111111111111
0.45694444444444443
0.3377777777777778
0.4077777777777778
0.4691666666666667
0.3997222222222222
0.4786111111111111
0.37027777777777776
0.38027777777777777
0.4255555555555556
0.5191666666666667
0.38416666666666666
0.3883333333333333
0.37666666666666665
0.33444444444444443
0.4125
0.36333333333333334
0.40166666666666667
0.3988888888888889
0.5361111111111111
0.355
0.38305555555555554
0.365
0.4088888888888889
0.38722222222222225
0.41194444444444445
0.42277777777777775
0.41638888888888886
0.435
0.3413888888888889
0.3983333333333333
0.36333333333333334
0.36944444444444446
0.3686111111111111
0.4002777777777778
0.43722222222222223
0.3561111111111111
0.4286111111111111
0.3933333333333333
0.40194444444444444
0.36527777777777776
0.4672222222222222
0.36666666666666664
0.3811111111111111
0.33555555555555555
0.4077777777777778
0.3788888888888889
0.33611111111111114
0.37666666666666665
0.43694444444444447
0.40944444444444444
0.3411111111111111
0.41555555555555557
0.3486111111111111
0.43222222222222223
0.38
0.3713888888888889
0.4736111111111111
0.36083333333333334
0.39055555555555554
0.3647222222222222
0.3630555555555556
0.38861111111111113
0.3622222222222222
0.37194444444444447
0.35638888888888887
0.37083333333333335
0.3686111111111111
0.35638888888888887
0.4041666666666667
0.3925
0.3194444444444444
0.31527777777777777
0.45444444444444443
0.3597222222222222
0.38805555555555554
0.35805555555555557
0.3477777777777778
0.5113888888888889
0.3288888888888889
0.34805555555555556
0.3672222222222222
0.3283333333333333
0.3597222222222222
0.3888888888888889
0.3491666666666667
0.3363888888888889
0.46055555555555555
0.405
0.38722222222222225
0.4452777777777778
0.3838888888888889
0.37083333333333335
0.38722222222222225
0.34
0.41055555555555556
0.3466666666666667
0.3
0.40305555555555556
0.46166666666666667
0.3352777777777778
0.4563888888888889
0.41583333333333333
0.3616666666666667
0.365
0.4186111111111111
0.37027777777777776
0.3461111111111111
0.3313888888888889
0.3475
0.3352777777777778
0.3688888888888889
0.3275
0.30527777777777776
0.3322222222222222
0.37666666666666665
0.3541666666666667
0.3433333333333333
0.39555555555555555
0.3497222222222222
0.3972222222222222
0.34944444444444445
0.38416666666666666
0.35888888888888887
0.37083333333333335
0.38027777777777777
0.32611111111111113
0.3138888888888889
0.34555555555555556
0.4113888888888889
0.3738888888888889
0.35333333333333333
0.36083333333333334
0.3641666666666667
0.5469444444444445
0.3522222222222222
0.4175
0.32
0.38333333333333336
0.3466666666666667
0.35083333333333333
0.31472222222222224
0.3725
0.3452777777777778
0.3075
0.2902777777777778
0.34555555555555556
0.3030555555555556
0.30972222222222223
0.35777777777777775
0.36
0.32666666666666666
0.3363888888888889
0.33416666666666667
0.3397222222222222
0.31805555555555554
0.3397222222222222
0.3844444444444444
0.29833333333333334
0.30694444444444446
0.29638888888888887
0.3258333333333333
0.32916666666666666
0.34305555555555556
0.3202777777777778
0.4275
0.3472222222222222
0.33194444444444443
0.35055555555555556
0.30916666666666665
0.3416666666666667
0.27805555555555556
0.3636111111111111
0.5011111111111111
0.36333333333333334
0.43083333333333335
0.3047222222222222
0.3475
0.3061111111111111
0.44555555555555554
0.4086111111111111
0.3325
0.31555555555555553
0.3372222222222222
0.2916666666666667
0.5275
0.3788888888888889
0.41944444444444445
0.44416666666666665
0.36666666666666664
0.3786111111111111
0.4127777777777778
0.37472222222222223
0.35638888888888887
0.31166666666666665
0.29083333333333333
0.345
0.275
0.3416666666666667
0.37277777777777776
0.5516666666666666
0.3527777777777778
0.3547222222222222
0.3622222222222222
0.29527777777777775
0.3463888888888889
0.3211111111111111
0.4002777777777778
0.32611111111111113
0.31222222222222223
0.3055555555555556
0.3219444444444444
0.3258333333333333
0.30694444444444446
0.3472222222222222
0.37916666666666665
0.38305555555555554
0.39361111111111113
0.3225
0.3863888888888889
0.3680555555555556
0.3252777777777778
0.37777777777777777
0.2808333333333333
0.40805555555555556
0.33361111111111114
0.3386111111111111
0.2802777777777778
0.32611111111111113
0.2980555555555556
0.35
0.32666666666666666
0.3022222222222222
0.29833333333333334
0.35805555555555557
0.36944444444444446
0.47
0.31666666666666665
0.335
0.3075
0.31777777777777777
0.3416666666666667
0.33944444444444444
0.28833333333333333
0.4661111111111111
0.27444444444444444
0.29777777777777775
0.30722222222222223
0.3175
0.33611111111111114
0.2966666666666667
0.32861111111111113
0.39194444444444443
0.27444444444444444
0.3055555555555556
0.2991666666666667
0.2752777777777778
0.29388888888888887
0.3213888888888889
0.345
0.27194444444444443
0.3547222222222222
0.27444444444444444
0.4413888888888889
0.34055555555555556
0.3975
0.2563888888888889
0.3875
0.2713888888888889
0.3358333333333333
0.3236111111111111
0.2936111111111111
0.29777777777777775
0.3894444444444444
0.38722222222222225
0.30527777777777776
0.38666666666666666
0.27666666666666667
0.29083333333333333
0.27194444444444443
0.35055555555555556
0.2688888888888889
0.2763888888888889
0.31805555555555554
0.3113888888888889
0.2608333333333333
0.31916666666666665
0.3541666666666667
0.2961111111111111
0.3363888888888889
0.2813888888888889
0.2875
0.3427777777777778
0.29388888888888887
0.2738888888888889
0.2986111111111111
0.3219444444444444
0.29833333333333334
0.3877777777777778
0.4697222222222222
0.3352777777777778
0.28555555555555556
0.2833333333333333
0.4111111111111111
0.2916666666666667
0.3005555555555556
0.29833333333333334
0.33055555555555555
0.2863888888888889
0.34194444444444444
0.3641666666666667
0.35777777777777775
0.3005555555555556
0.32472222222222225
0.3086111111111111
0.3025
0.2816666666666667
0.25222222222222224
0.44472222222222224
0.26944444444444443
0.32472222222222225
