0.41
0.39694444444444443
0.5361111111111111
0.43444444444444447
0.4230555555555556
0.4597222222222222
0.38861111111111113
0.38555555555555554
0.3447222222222222
0.4494444444444444
0.42055555555555557
0.41194444444444445
0.4508333333333333
0.3952777777777778
0.44333333333333336
0.44027777777777777
0.38972222222222225
0.43027777777777776
0.31222222222222223
0.3547222222222222
0.31416666666666665
0.36944444444444446
0.38861111111111113
0.31472222222222224
0.365
0.4027777777777778
0.3672222222222222
0.29555555555555557
0.4061111111111111
0.3952777777777778
0.4222222222222222
0.3561111111111111
0.2791666666666667
0.4930555555555556
0.43444444444444447
0.4075
0.3466666666666667
0.38305555555555554
0.3486111111111111
0.35055555555555556
0.28055555555555556
0.3436111111111111
0.3977777777777778
0.4177777777777778
0.3663888888888889
0.37527777777777777
0.3063888888888889
0.34
0.4161111111111111
0.3358333333333333
0.38055555555555554
0.3527777777777778
0.3838888888888889
0.34194444444444444
0.3655555555555556
0.29555555555555557
0.3047222222222222
0.3502777777777778
0.3441666666666667
0.3477777777777778
0.3536111111111111
0.41305555555555556
0.35333333333333333
0.3527777777777778
0.29194444444444445
0.37083333333333335
0.35
0.385
0.35694444444444445
0.3641666666666667
0.31916666666666665
0.35777777777777775
0.36138888888888887
0.3488888888888889
0.3597222222222222
0.32305555555555554
0.4191666666666667
0.2975
0.31027777777777776
0.31777777777777777
0.33055555555555555
0.3383333333333333
0.37222222222222223
0.38
0.3283333333333333
0.3586111111111111
0.37166666666666665
0.31333333333333335
0.36333333333333334
0.3827777777777778
0.2833333333333333
0.44805555555555554
0.34305555555555556
0.33055555555555555
0.3080555555555556
0.31416666666666665
0.2975
0.2733333333333333
0.29888888888888887
0.3219444444444444
0.27666666666666667
0.30527777777777776
0.30444444444444446
0.3536111111111111
0.27805555555555556
0.2452777777777778
0.3475
0.33055555555555555
0.40805555555555556
0.3283333333333333
0.31916666666666665
0.2861111111111111
0.3225
0.3061111111111111
0.2961111111111111
0.30777777777777776
0.2683333333333333
0.3063888888888889
0.3283333333333333
0.32611111111111113
0.3411111111111111
0.37722222222222224
0.35
0.33444444444444443
0.31
0.3641666666666667
0.32972222222222225
0.325
0.33694444444444444
0.3511111111111111
0.3527777777777778
0.34555555555555556
0.25305555555555553
0.3705555555555556
0.26805555555555555
0.3713888888888889
0.29555555555555557
0.30027777777777775
0.33055555555555555
0.2786111111111111
0.3825
0.2875
0.32305555555555554
0.2911111111111111
0.33166666666666667
0.2886111111111111
0.29083333333333333
0.3347222222222222
0.34305555555555556
0.2713888888888889
0.26
0.2813888888888889
0.2861111111111111
0.305
0.3277777777777778
0.29055555555555557
0.3786111111111111
0.2752777777777778
0.3011111111111111
0.32972222222222225
0.25583333333333336
0.2936111111111111
0.27055555555555555
0.2619444444444444
0.2783333333333333
0.3
0.26361111111111113
0.325
0.28888888888888886
0.2852777777777778
0.2861111111111111
0.2791666666666667
0.3238888888888889
0.2847222222222222
0.2861111111111111
0.23472222222222222
0.2702777777777778
0.31222222222222223
0.2816666666666667
0.24416666666666667
0.27166666666666667
0.26694444444444443
0.2980555555555556
0.24944444444444444
0.27944444444444444
0.36194444444444446
0.33805555555555555
0.3175
0.4775
0.22527777777777777
0.22444444444444445
0.2925
0.3036111111111111
0.29083333333333333
0.24138888888888888
0.25277777777777777
0.32861111111111113
0.265
0.3163888888888889
0.23916666666666667
0.2722222222222222
0.2386111111111111
0.25277777777777777
0.2833333333333333
0.25416666666666665
0.21833333333333332
0.2847222222222222
0.2569444444444444
0.3283333333333333
0.23333333333333334
0.2625
0.2997222222222222
0.34555555555555556
0.2941666666666667
0.25805555555555554
0.2733333333333333
0.30694444444444446
0.3347222222222222
0.31777777777777777
0.2797222222222222
0.29055555555555557
0.2838888888888889
0.23305555555555554
0.22055555555555556
0.30444444444444446
0.3005555555555556
0.24138888888888888
0.26416666666666666
0.28944444444444445
0.23277777777777778
0.2808333333333333
0.2644444444444444
0.28805555555555556
0.27694444444444444
0.23777777777777778
0.3036111111111111
0.3194444444444444
0.2563888888888889
0.27111111111111114
0.2891666666666667
0.23305555555555554
0.28694444444444445
0.24472222222222223
0.22972222222222222
0.23944444444444443
0.3161111111111111
0.2677777777777778
0.26
0.25527777777777777
0.20555555555555555
0.2313888888888889
0.23916666666666667
0.26666666666666666
0.2594444444444444
0.26305555555555554
0.2825
0.34305555555555556
0.23472222222222222
0.24972222222222223
0.24305555555555555
0.2658333333333333
0.2111111111111111
0.2561111111111111
0.2822222222222222
0.27555555555555555
0.3219444444444444
0.29833333333333334
0.275
0.2586111111111111
0.31777777777777777
0.2511111111111111
0.2683333333333333
0.225
0.2708333333333333
0.33
0.2544444444444444
0.2313888888888889
0.29
0.2688888888888889
0.23666666666666666
0.295
0.29305555555555557
0.2816666666666667
0.2936111111111111
0.26694444444444443
0.2361111111111111
0.30083333333333334
0.2475
0.26166666666666666
0.27361111111111114
0.2652777777777778
0.2708333333333333
0.26055555555555554
0.2652777777777778
0.3125
0.24944444444444444
0.2877777777777778
0.2586111111111111
0.2791666666666667
0.27416666666666667
0.29888888888888887
0.2386111111111111
0.2822222222222222
0.21027777777777779
0.21416666666666667
0.24472222222222223
0.2863888888888889
0.255
0.2822222222222222
0.26916666666666667
0.21555555555555556
0.2263888888888889
0.2758333333333333
0.21722222222222223
0.23666666666666666
0.24333333333333335
0.22277777777777777
0.2275
0.2611111111111111
0.30972222222222223
0.23055555555555557
0.21194444444444444
0.26166666666666666
0.22444444444444445
0.3244444444444444
0.2588888888888889
0.2838888888888889
0.27805555555555556
0.32944444444444443
0.3213888888888889
0.27
0.20166666666666666
0.2652777777777778
0.32666666666666666
0.2961111111111111
0.25416666666666665
0.24638888888888888
0.27444444444444444
0.25083333333333335
0.3022222222222222
0.26305555555555554
0.2627777777777778
0.2961111111111111
0.2311111111111111
0.29388888888888887
0.27694444444444444
0.3186111111111111
0.3036111111111111
0.27416666666666667
0.2838888888888889
0.21611111111111111
0.31083333333333335
0.2841666666666667
0.225
0.26416666666666666
0.22722222222222221
0.32555555555555554
0.33416666666666667
0.24694444444444444
0.29888888888888887
0.23805555555555555
0.21611111111111111
0.24805555555555556
0.2702777777777778
0.24888888888888888
0.24388888888888888
0.2638888888888889
0.2886111111111111
0.2152777777777778
0.31416666666666665
0.22055555555555556
0.2363888888888889
0.2452777777777778
0.2525
0.25083333333333335
0.3422222222222222
0.295
0.29194444444444445
0.2677777777777778
0.22027777777777777
0.2927777777777778
0.24555555555555555
0.2786111111111111
0.2427777777777778
0.2375
0.2538888888888889
0.22666666666666666
0.2836111111111111
0.2544444444444444
0.2786111111111111
0.20527777777777778
0.26
0.27166666666666667
0.2644444444444444
0.29694444444444446
0.27
0.23083333333333333
0.2638888888888889
0.23194444444444445
0.29333333333333333
0.21194444444444444
0.225
0.22555555555555556
0.2652777777777778
0.2388888888888889
0.2752777777777778
0.22083333333333333
0.27416666666666667
0.22333333333333333
0.2783333333333333
0.22666666666666666
0.27666666666666667
0.2588888888888889
0.27805555555555556
0.23444444444444446
0.30972222222222223
0.3561111111111111
0.25305555555555553
0.25
0.305
0.24583333333333332
0.2813888888888889
0.2513888888888889
0.21944444444444444
0.2822222222222222
0.24083333333333334
0.2411111111111111
0.24138888888888888
0.2338888888888889
0.24194444444444443
0.2275
0.24638888888888888
0.2386111111111111
0.2936111111111111
0.2911111111111111
0.22416666666666665
0.2808333333333333
0.2225
0.265
0.32861111111111113
0.24722222222222223
0.26055555555555554
0.23472222222222222
0.275
0.24888888888888888
0.2761111111111111
0.2747222222222222
0.2336111111111111
0.26722222222222225
0.30972222222222223
0.2175
0.23027777777777778
0.22527777777777777
0.2633333333333333
0.2152777777777778
0.30583333333333335
0.22333333333333333
0.3169444444444444
0.29305555555555557
0.2411111111111111
0.3269444444444444
0.2922222222222222
0.23944444444444443
0.2575
0.2627777777777778
0.22805555555555557
0.25527777777777777
0.3125
0.22027777777777777
0.23916666666666667
0.2577777777777778
0.27055555555555555
0.27361111111111114
0.25527777777777777
0.25277777777777777
0.21777777777777776
0.2911111111111111
0.22055555555555556
0.24638888888888888
0.2152777777777778
0.2286111111111111
0.21861111111111112
0.24027777777777778
0.22138888888888889
0.3202777777777778
0.25027777777777777
0.32666666666666666
0.23694444444444446
0.2569444444444444
0.25583333333333336
0.2927777777777778
0.255
0.2288888888888889
0.24
0.2336111111111111
0.22916666666666666
0.2577777777777778
0.2872222222222222
0.27805555555555556
0.2544444444444444
