23.696666666666665
28.750555555555554
48.57194444444445
27.666944444444443
29.099722222222223
36.0075
25.644444444444446
23.935277777777777
15.818888888888889
34.890277777777776
27.58222222222222
34.01
35.49805555555555
29.519166666666667
38.774166666666666
27.49222222222222
30.973333333333333
30.686944444444446
15.919166666666667
22.58111111111111
15.480555555555556
24.488055555555555
26.272222222222222
16.18638888888889
20.365
24.583055555555557
21.983333333333334
12.430555555555555
25.301666666666666
24.81888888888889
27.967222222222222
21.476666666666667
10.950277777777778
35.02611111111111
47.13361111111111
37.8475
19.041666666666668
18.56361111111111
17.311666666666667
25.513055555555557
9.773888888888889
17.6275
23.165555555555557
28.611944444444443
20.589166666666667
18.045833333333334
13.563333333333333
15.74611111111111
25.613888888888887
19.531111111111112
23.31277777777778
19.189722222222223
21.100277777777777
19.648611111111112
24.878055555555555
11.507777777777777
13.421944444444444
25.11611111111111
15.091944444444444
15.365277777777777
19.004722222222224
27.59722222222222
18.709444444444443
17.79083333333333
9.971666666666666
20.26222222222222
16.433888888888887
28.728055555555557
19.256666666666668
21.13083333333333
16.081666666666667
17.186944444444446
19.269444444444446
18.68138888888889
28.267777777777777
17.164166666666667
28.289444444444445
15.266111111111112
13.825277777777778
14.309444444444445
19.412222222222223
16.45916666666667
23.80638888888889
26.446666666666665
17.37361111111111
19.84777777777778
21.289166666666667
16.176388888888887
20.879444444444445
24.144444444444446
16.330833333333334
30.790277777777778
15.00388888888889
14.921944444444444
17.161666666666665
13.170277777777779
10.963611111111112
9.723611111111111
12.400555555555556
16.798055555555557
10.043333333333333
12.083333333333334
12.533888888888889
20.60333333333333
11.28111111111111
13.261944444444444
20.31277777777778
21.319444444444443
28.6075
13.474444444444444
17.238888888888887
11.408055555555556
13.6425
12.714166666666667
12.606666666666667
18.4125
10.376388888888888
15.201944444444445
18.783055555555556
15.163333333333334
16.06138888888889
28.28611111111111
22.02166666666667
14.333333333333334
14.348055555555556
18.189722222222223
17.127222222222223
15.100277777777778
15.271944444444445
17.82138888888889
17.149166666666666
19.65
13.0575
18.02861111111111
8.528055555555556
18.46
14.975277777777778
12.63861111111111
13.7325
16.836111111111112
20.345833333333335
10.230555555555556
12.829722222222221
10.475833333333334
13.781666666666666
13.995555555555555
12.810555555555556
17.924444444444443
19.668333333333333
8.270277777777778
8.971111111111112
8.876111111111111
10.523888888888889
14.821111111111112
15.511944444444444
12.674444444444445
20.125833333333333
10.5625
15.891666666666667
16.244722222222222
7.5313888888888885
11.305277777777778
13.258055555555556
9.422777777777778
9.678888888888888
11.228055555555555
11.534722222222221
13.154722222222222
12.102222222222222
10.605833333333333
14.868055555555555
11.9925
19.431944444444444
12.175555555555556
12.018333333333333
6.371666666666667
9.632222222222222
10.957222222222223
10.504166666666666
6.483055555555556
9.893888888888888
12.149166666666666
15.765
7.887777777777778
12.7125
20.37
16.509444444444444
15.338333333333333
36.782222222222224
7.937222222222222
6.694444444444445
10.72
13.334444444444445
12.160833333333333
10.766666666666667
8.729444444444445
13.419166666666667
8.003333333333334
12.565555555555555
6.496666666666667
8.256666666666666
9.047777777777778
9.879722222222222
10.418611111111112
6.934166666666667
6.847777777777778
10.323333333333334
11.482222222222223
16.02138888888889
6.307777777777778
8.276111111111112
11.406944444444445
16.620277777777776
16.4425
7.683055555555556
9.844722222222222
14.409722222222221
18.336388888888887
18.446944444444444
10.50388888888889
10.42
9.913611111111111
8.201666666666666
5.844166666666666
11.866388888888888
12.792222222222222
6.133333333333334
8.899166666666666
10.924444444444445
6.881388888888889
8.871944444444445
9.433055555555555
10.993333333333334
11.654444444444444
6.666944444444445
13.02138888888889
17.274166666666666
8.048333333333334
9.620833333333334
10.324722222222222
7.564166666666667
9.717222222222222
8.036944444444444
8.53888888888889
7.259444444444444
13.198333333333334
10.102222222222222
10.491944444444444
10.221388888888889
4.560277777777777
6.756388888888889
7.098611111111111
10.213333333333333
9.856388888888889
12.391944444444444
8.514722222222222
15.92
6.650833333333333
9.506944444444445
7.604722222222223
11.259722222222223
4.685555555555555
8.296388888888888
10.47861111111111
9.195277777777777
16.498055555555556
11.959444444444445
11.518055555555556
9.229722222222222
17.171388888888888
8.68361111111111
9.123055555555556
8.418055555555556
9.765
13.505833333333333
11.034444444444444
7.214166666666666
11.853055555555555
13.578611111111112
6.518888888888889
10.511388888888888
11.013333333333334
10.169444444444444
13.159444444444444
9.573055555555555
11.29888888888889
16.65277777777778
10.108055555555556
8.737777777777778
9.90611111111111
9.044166666666667
10.310555555555556
10.303333333333333
9.880277777777778
11.765
6.8838888888888885
10.129722222222222
9.980555555555556
16.345
14.921388888888888
11.206944444444444
6.844444444444444
12.80888888888889
5.777222222222222
5.391388888888889
9.152777777777779
9.853055555555555
9.888333333333334
11.43361111111111
9.5225
4.777777777777778
7.211111111111111
9.519722222222223
9.3025
6.05
7.5775
5.619166666666667
8.470277777777778
9.403333333333334
13.703888888888889
6.355833333333333
4.214444444444444
8.377222222222223
5.108055555555556
14.545833333333333
7.988333333333333
9.819166666666666
15.21888888888889
14.413611111111111
13.613888888888889
11.893055555555556
4.018055555555556
10.716388888888888
13.863888888888889
12.572777777777778
10.459444444444445
9.558055555555555
9.41
9.812222222222223
12.918055555555556
10.849166666666667
11.974444444444444
12.123611111111112
7.12
10.649166666666666
9.7775
12.336388888888889
14.933333333333334
9.175555555555556
11.133055555555556
7.493055555555555
15.98
9.358611111111111
7.911388888888889
9.535555555555556
7.608611111111111
13.18138888888889
16.841666666666665
8.431666666666667
12.078333333333333
6.829166666666667
6.64
8.600277777777778
10.215277777777779
8.110833333333334
7.276111111111111
11.464166666666667
10.724166666666667
5.151388888888889
14.244444444444444
6.2491666666666665
6.415277777777778
8.265277777777778
7.604444444444445
12.608055555555556
19.255555555555556
13.592777777777778
12.1625
8.957777777777778
5.2075
11.869444444444444
6.335555555555556
9.220277777777778
7.039166666666667
6.2775
8.345277777777778
6.851388888888889
10.688055555555556
9.649444444444445
9.3075
4.372777777777777
9.946388888888889
11.200833333333334
9.33
10.203055555555556
10.959444444444445
7.373055555555555
10.23611111111111
6.3677777777777775
10.347777777777777
5.171944444444445
6.981388888888889
9.266944444444444
8.402777777777779
8.149166666666666
8.904722222222222
5.648055555555556
7.648333333333333
6.441388888888889
10.205
6.529444444444445
8.953333333333333
7.122777777777777
9.695555555555556
6.985833333333333
14.226944444444445
16.78361111111111
9.273333333333333
9.193888888888889
13.135277777777778
10.243333333333334
11.299722222222222
10.599444444444444
9.752777777777778
9.386388888888888
6.938611111111111
6.483611111111111
7.213333333333333
6.434444444444445
9.626388888888888
8.232777777777779
7.079166666666667
12.817222222222222
11.382222222222222
14.331944444444444
6.772777777777778
14.445555555555556
7.163055555555555
8.949444444444444
15.22888888888889
12.988333333333333
7.727222222222222
8.805833333333334
11.077222222222222
6.715277777777778
9.460555555555555
11.731944444444444
12.085
8.553611111111111
16.156944444444445
6.0938888888888885
6.141388888888889
4.754722222222222
10.2725
5.986944444444444
15.206666666666667
6.7844444444444445
13.954444444444444
9.684722222222222
7.414166666666667
13.475833333333334
12.925277777777778
7.1975
9.07
8.657222222222222
7.391666666666667
7.9447222222222225
13.87861111111111
6.066666666666666
6.652222222222222
10.386666666666667
10.043333333333333
8.583055555555555
8.705833333333333
7.572777777777778
8.063333333333333
12.287777777777778
7.881111111111111
8.913333333333334
9.540833333333333
6.028888888888889
6.908888888888889
6.787222222222222
5.6433333333333335
12.95138888888889
6.811111111111111
13.96861111111111
6.221111111111111
8.5375
8.19
11.8975
8.454722222222221
6.838888888888889
7.578333333333333
8.170277777777779
7.113888888888889
10.179722222222223
11.463888888888889
12.63861111111111
7.743611111111111
