1.1402777777777777
1.3022222222222222
1.495
1.396388888888889
1.1861111111111111
1.0883333333333334
1.0147222222222223
1.4647222222222223
1.1127777777777779
1.8180555555555555
1.1072222222222223
0.9416666666666667
1.2861111111111112
1.4444444444444444
0.9655555555555555
1.0855555555555556
1.218888888888889
1.9325
1.13
1.4805555555555556
1.3441666666666667
0.9291666666666667
1.1983333333333333
1.2666666666666666
1.3966666666666667
1.0944444444444446
1.325
0.9322222222222222
0.9152777777777777
1.3377777777777777
1.4561111111111111
1.0252777777777777
1.208888888888889
1.3366666666666667
1.1475
1.0019444444444445
0.8427777777777777
1.3958333333333333
0.8058333333333333
1.0330555555555556
1.0983333333333334
1.4011111111111112
0.9933333333333333
1.2961111111111112
0.8544444444444445
0.7561111111111111
0.9852777777777778
0.8244444444444444
0.8625
0.7716666666666666
0.7969444444444445
0.98
0.7102777777777778
0.8227777777777778
1.0119444444444445
0.9725
1.1672222222222222
1.333611111111111
0.8211111111111111
0.8608333333333333
0.7663888888888889
0.8580555555555556
0.8305555555555556
0.9355555555555556
0.6777777777777778
0.7469444444444444
0.9122222222222223
1.4891666666666667
1.0952777777777778
0.8788888888888889
0.5858333333333333
0.6411111111111111
0.7166666666666667
0.7580555555555556
0.6975
0.7625
0.8127777777777778
0.7986111111111112
0.6958333333333333
0.7813888888888889
0.8522222222222222
0.7383333333333333
0.8636111111111111
0.8286111111111111
0.7266666666666667
0.6511111111111111
0.8455555555555555
0.5702777777777778
0.7488888888888889
0.895
0.9705555555555555
0.875
0.6980555555555555
0.8202777777777778
0.755
0.7202777777777778
0.6716666666666666
0.8488888888888889
0.6469444444444444
0.7066666666666667
0.6155555555555555
0.8033333333333333
0.6983333333333334
0.6388888888888888
0.7022222222222222
0.6711111111111111
0.995
0.7472222222222222
0.6230555555555556
0.6997222222222222
0.8191666666666667
0.6894444444444444
0.7797222222222222
0.7641666666666667
0.7702777777777777
0.8191666666666667
0.6044444444444445
0.7722222222222223
0.7972222222222223
0.63
0.6225
0.5455555555555556
0.7191666666666666
0.9175
0.7291666666666666
0.6919444444444445
0.6155555555555555
0.5888888888888889
0.6483333333333333
0.5913888888888889
0.6469444444444444
0.6777777777777778
0.6619444444444444
0.7119444444444445
0.7563888888888889
0.7919444444444445
0.6772222222222222
0.6461111111111111
0.5761111111111111
0.7791666666666667
0.49472222222222223
0.7
0.5544444444444444
0.5580555555555555
0.5722222222222222
0.7175
0.6066666666666667
0.7258333333333333
0.5838888888888889
0.4602777777777778
0.5397222222222222
0.7322222222222222
0.5658333333333333
0.5311111111111111
0.5208333333333334
0.6705555555555556
0.5297222222222222
0.5497222222222222
0.6072222222222222
0.5305555555555556
0.565
0.5894444444444444
0.4736111111111111
0.5261111111111111
0.5361111111111111
0.4263888888888889
0.6136111111111111
0.5055555555555555
0.7008333333333333
0.5211111111111111
0.5097222222222222
0.5222222222222223
0.6625
0.6686111111111112
0.5583333333333333
0.4880555555555556
0.4986111111111111
0.4663888888888889
0.5044444444444445
0.4463888888888889
0.5702777777777778
0.5355555555555556
0.5933333333333334
0.5372222222222223
0.4305555555555556
0.48277777777777775
0.5633333333333334
0.5375
0.7080555555555555
0.5136111111111111
0.5219444444444444
0.5980555555555556
0.4816666666666667
0.5452777777777778
0.47055555555555556
0.5347222222222222
0.48833333333333334
0.56
0.5263888888888889
0.4897222222222222
0.5522222222222222
0.5313888888888889
0.5052777777777778
0.5322222222222223
0.44583333333333336
0.43083333333333335
0.6125
0.4527777777777778
0.6066666666666667
0.4663888888888889
0.5188888888888888
0.4311111111111111
0.6047222222222223
0.4508333333333333
0.5469444444444445
0.5275
0.465
0.5991666666666666
0.47888888888888886
0.48305555555555557
0.44027777777777777
0.5466666666666666
0.5216666666666666
0.41555555555555557
0.5244444444444445
0.4633333333333333
0.5066666666666667
0.4791666666666667
0.46166666666666667
0.4786111111111111
0.47888888888888886
0.5883333333333334
0.4066666666666667
0.4677777777777778
0.5077777777777778
0.49
0.5219444444444444
0.5444444444444444
0.44
0.41638888888888886
0.4791666666666667
0.5583333333333333
0.3541666666666667
0.4338888888888889
0.4525
0.37916666666666665
0.42444444444444446
0.48388888888888887
0.5463888888888889
0.4122222222222222
0.4538888888888889
0.4275
0.39361111111111113
0.4722222222222222
0.395
0.4633333333333333
0.4122222222222222
0.4061111111111111
0.4486111111111111
0.38472222222222224
0.4286111111111111
0.44083333333333335
0.4461111111111111
0.46555555555555556
0.4025
0.3925
0.41444444444444445
0.4527777777777778
0.3388888888888889
0.3725
0.43666666666666665
0.4008333333333333
0.40055555555555555
0.38861111111111113
0.5402777777777777
0.3347222222222222
0.5633333333333334
0.4691666666666667
0.36833333333333335
0.43944444444444447
0.45416666666666666
0.49277777777777776
0.3977777777777778
0.43027777777777776
0.41194444444444445
0.38222222222222224
0.38055555555555554
0.3877777777777778
0.4077777777777778
0.46166666666666667
0.42027777777777775
0.4077777777777778
0.4013888888888889
0.36333333333333334
0.33
0.33444444444444443
0.37472222222222223
0.49944444444444447
0.3688888888888889
0.44472222222222224
0.365
0.3813888888888889
0.3447222222222222
0.46944444444444444
0.39166666666666666
0.3416666666666667
0.4241666666666667
0.43083333333333335
0.5702777777777778
0.3211111111111111
0.35138888888888886
0.41388888888888886
0.38027777777777777
0.31166666666666665
0.43944444444444447
0.35777777777777775
0.3622222222222222
0.30916666666666665
0.375
0.4572222222222222
0.3288888888888889
0.3163888888888889
0.36277777777777775
0.30527777777777776
0.4361111111111111
0.49444444444444446
0.39194444444444443
0.4272222222222222
0.4538888888888889
0.4111111111111111
0.2975
0.37194444444444447
0.3466666666666667
0.40555555555555556
0.31055555555555553
0.2897222222222222
0.37194444444444447
0.31527777777777777
0.31027777777777776
0.3869444444444444
0.38055555555555554
0.3813888888888889
0.44666666666666666
0.3047222222222222
0.33666666666666667
0.3258333333333333
0.3055555555555556
0.32555555555555554
0.37722222222222224
0.44472222222222224
0.37444444444444447
0.3375
0.38722222222222225
0.3713888888888889
0.37722222222222224
0.3416666666666667
0.3869444444444444
0.3194444444444444
0.3386111111111111
0.37555555555555553
0.37722222222222224
0.2972222222222222
0.31833333333333336
0.2808333333333333
0.2966666666666667
0.3422222222222222
0.33416666666666667
0.3461111111111111
0.3561111111111111
0.3086111111111111
0.34833333333333333
0.385
0.28805555555555556
0.3472222222222222
0.34694444444444444
0.36194444444444446
0.3075
0.25666666666666665
0.30722222222222223
0.29333333333333333
0.3055555555555556
0.31055555555555553
0.3333333333333333
0.3030555555555556
0.2788888888888889
0.4066666666666667
0.3597222222222222
0.28583333333333333
0.2916666666666667
0.32555555555555554
0.2863888888888889
0.3586111111111111
0.36777777777777776
0.3219444444444444
0.26861111111111113
0.3194444444444444
0.28583333333333333
0.31
0.2677777777777778
0.4011111111111111
0.3258333333333333
0.2986111111111111
0.3138888888888889
0.31083333333333335
0.2825
0.35583333333333333
0.30083333333333334
0.2747222222222222
0.3030555555555556
0.3786111111111111
0.3402777777777778
0.3463888888888889
0.3466666666666667
0.3236111111111111
0.3413888888888889
0.30722222222222223
0.29555555555555557
0.33805555555555555
0.24638888888888888
0.35694444444444445
0.28583333333333333
0.3827777777777778
0.3277777777777778
0.2922222222222222
0.29555555555555557
0.26222222222222225
0.24944444444444444
0.27361111111111114
0.25916666666666666
0.23805555555555555
0.25583333333333336
0.26555555555555554
0.31416666666666665
0.2638888888888889
0.2722222222222222
0.29138888888888886
0.2827777777777778
0.24722222222222223
0.23527777777777778
0.2763888888888889
0.2791666666666667
0.31055555555555553
0.25555555555555554
0.39944444444444444
0.2847222222222222
0.25527777777777777
0.26861111111111113
0.29333333333333333
0.2338888888888889
0.28444444444444444
0.24861111111111112
0.29194444444444445
0.26694444444444443
0.26861111111111113
0.24722222222222223
0.2619444444444444
0.26916666666666667
0.25416666666666665
0.42194444444444446
0.265
0.3711111111111111
0.3516666666666667
0.2811111111111111
0.3605555555555556
0.24083333333333334
0.25305555555555553
0.22777777777777777
0.35444444444444445
0.31194444444444447
0.25555555555555554
0.29527777777777775
0.2594444444444444
0.25666666666666665
0.25027777777777777
0.23972222222222223
0.24638888888888888
0.26916666666666667
0.23944444444444443
0.3111111111111111
0.265
0.25583333333333336
0.27
0.2688888888888889
0.19611111111111112
0.27805555555555556
0.2847222222222222
0.21444444444444444
0.24055555555555555
0.24555555555555555
0.2972222222222222
0.235
0.42027777777777775
0.23666666666666666
0.2702777777777778
0.2775
0.275
0.22361111111111112
0.3088888888888889
0.23444444444444446
0.25083333333333335
