128.81333333333333
179.08333333333334
186.88416666666666
176.43527777777777
150.78277777777777
166.68277777777777
105.36111111111111
200.01944444444445
132.35111111111112
295.50138888888887
128.54527777777778
103.01388888888889
165.4075
188.23444444444445
105.7161111111111
120.77333333333333
142.6038888888889
343.9658333333333
131.56527777777777
207.10777777777778
265.39194444444445
111.85055555555556
145.4725
146.45666666666668
175.59777777777776
121.40166666666667
170.61194444444445
105.06222222222222
94.55916666666667
157.8961111111111
214.87694444444443
112.67972222222222
157.0036111111111
168.95166666666665
140.88583333333332
115.12666666666667
107.69611111111111
216.12055555555557
93.02555555555556
111.80305555555556
127.74916666666667
191.72416666666666
126.005
153.76666666666668
113.03583333333333
80.53083333333333
133.39194444444445
83.09138888888889
88.78833333333333
76.24888888888889
89.72111111111111
117.36277777777778
76.73
103.60194444444444
131.72555555555556
109.34083333333334
164.08305555555555
176.7475
92.45916666666666
94.45444444444445
76.85861111111112
95.80361111111111
86.83305555555556
115.6511111111111
73.85138888888889
80.09194444444445
108.49361111111111
208.42333333333335
151.82583333333332
92.56611111111111
53.998333333333335
59.11611111111111
73.44416666666666
76.3386111111111
76.58166666666666
89.28
97.80055555555556
80.51916666666666
65.60055555555556
77.81888888888889
98.16722222222222
72.61472222222223
90.55277777777778
91.4975
79.44305555555556
63.91111111111111
91.15527777777778
53.27166666666667
72.73472222222222
121.46388888888889
137.5125
101.10777777777778
65.2286111111111
109.19583333333334
86.8338888888889
77.65555555555555
67.48
94.0575
62.665
69.15388888888889
69.27833333333334
87.5375
78.63083333333333
63.38583333333333
77.93722222222222
67.98305555555555
153.1538888888889
77.16555555555556
58.63388888888889
71.90166666666667
105.00583333333333
69.07083333333334
81.93611111111112
77.98916666666666
76.26916666666666
100.42361111111111
61.720555555555556
81.46416666666667
94.51027777777777
61.53333333333333
59.85166666666667
51.80722222222222
78.82138888888889
117.35916666666667
73.13055555555556
68.05111111111111
59.78777777777778
57.61472222222222
70.94472222222223
59.07138888888889
70.65694444444445
66.87666666666667
67.97194444444445
78.25305555555556
88.70305555555555
87.75416666666666
74.73
69.50472222222223
53.41888888888889
89.44
45.863055555555555
80.53111111111112
51.05
52.725833333333334
56.14194444444445
77.5513888888889
64.6675
80.28333333333333
55.0175
41.82277777777778
49.041111111111114
89.13722222222222
54.56805555555555
49.13777777777778
52.55222222222222
69.47583333333333
53.51916666666666
49.03472222222222
61.494166666666665
51.19277777777778
63.05
60.939166666666665
45.60722222222222
51.54611111111111
48.28888888888889
38.691944444444445
61.42861111111111
44.854166666666664
83.85
50.596666666666664
49.52583333333333
58.38
69.56472222222222
62.83083333333333
55.755
43.94916666666666
49.69583333333333
41.23083333333334
48.339444444444446
40.778333333333336
53.99194444444444
52.713055555555556
60.15972222222222
49.27638888888889
37.70472222222222
42.88805555555555
54.789722222222224
53.719166666666666
70.155
49.4475
49.65027777777778
63.67305555555556
48.04138888888889
54.06305555555556
41.66694444444445
53.48388888888889
46.42333333333333
53.81027777777778
51.64194444444445
46.45611111111111
56.67777777777778
52.49611111111111
48.07055555555556
54.5825
38.52611111111111
40.9175
72.45444444444445
45.213055555555556
77.3325
39.77638888888889
50.27638888888889
38.844166666666666
69.9675
41.03805555555556
56.233333333333334
54.22611111111111
45.43055555555556
65.05555555555556
44.32805555555556
48.75861111111111
41.702777777777776
55.379444444444445
53.0425
36.695
59.460277777777776
45.01972222222222
49.672222222222224
45.57527777777778
47.433055555555555
42.93805555555556
43.73583333333333
69.05333333333333
37.42
47.43083333333333
51.459722222222226
50.03055555555556
56.1025
62.43833333333333
42.12305555555555
39.01111111111111
46.748333333333335
55.812222222222225
31.709722222222222
44.28277777777778
42.21805555555556
35.31055555555555
41.955555555555556
55.00972222222222
59.48416666666667
37.40111111111111
45.18388888888889
39.29833333333333
35.36833333333333
49.49444444444445
35.58861111111111
40.92638888888889
40.37027777777778
36.4775
45.31777777777778
36.70583333333333
43.03527777777778
40.51083333333333
41.31194444444444
45.91222222222222
35.47222222222222
34.473333333333336
39.72083333333333
41.81027777777778
30.14472222222222
32.08361111111111
41.924166666666665
36.7025
36.84388888888889
34.24805555555555
54.10027777777778
27.565555555555555
60.93694444444444
47.489444444444445
32.86666666666667
42.39611111111111
49.615
46.764722222222225
36.757777777777775
40.04361111111111
40.3375
34.07361111111111
34.431666666666665
34.86694444444444
43.159166666666664
47.180277777777775
39.77333333333333
39.600833333333334
38.29527777777778
31.69527777777778
27.529166666666665
29.43027777777778
36.09
50.669444444444444
33.91833333333334
40.81055555555555
32.31305555555556
35.504444444444445
29.3825
45.799166666666665
35.305
29.31277777777778
36.571666666666665
40.29944444444445
58.550555555555555
26.878611111111113
30.28638888888889
40.94861111111111
33.19888888888889
26.631666666666668
40.58361111111111
32.870555555555555
31.85361111111111
26.70138888888889
34.410833333333336
48.318333333333335
29.246111111111112
27.6875
33.43055555555556
24.95
44.505
62.09916666666667
35.678333333333335
45.031666666666666
57.13305555555556
41.37361111111111
24.669166666666666
35.638888888888886
32.35777777777778
40.560833333333335
26.795277777777777
23.935833333333335
33.793055555555554
27.46361111111111
27.550833333333333
36.37555555555556
37.195
35.7425
48.23111111111111
26.43777777777778
28.585277777777776
28.014444444444443
26.794444444444444
29.548055555555557
33.97888888888889
44.31111111111111
32.78916666666667
30.517777777777777
34.80444444444444
33.141666666666666
33.20583333333333
31.18
37.00805555555556
28.5275
29.06888888888889
35.8125
34.367777777777775
24.661944444444444
28.829722222222223
26.612222222222222
27.744444444444444
31.982777777777777
33.57
32.67583333333334
33.89083333333333
30.049722222222222
33.50083333333333
34.85333333333333
25.407777777777778
30.83
33.06388888888889
33.62694444444445
26.468888888888888
21.904166666666665
28.141111111111112
25.641666666666666
27.676666666666666
27.91888888888889
30.052222222222223
27.02166666666667
25.058055555555555
37.37583333333333
39.45166666666667
25.21638888888889
24.46361111111111
30.079166666666666
25.084722222222222
33.9275
40.690555555555555
28.928055555555556
21.631944444444443
28.502777777777776
23.9275
27.328055555555554
21.8525
41.081944444444446
29.747777777777777
26.80638888888889
28.069444444444443
27.58
24.261666666666667
34.69888888888889
25.559722222222224
23.086388888888887
26.710833333333333
38.07861111111111
32.27861111111111
35.995555555555555
33.48444444444444
30.71611111111111
31.10361111111111
28.72
26.70138888888889
31.089166666666667
20.41138888888889
35.952777777777776
23.44972222222222
36.07083333333333
28.7525
26.182777777777776
25.1875
22.90111111111111
21.11611111111111
25.224444444444444
21.4575
20.544166666666666
21.932222222222222
23.999444444444446
27.121666666666666
22.441666666666666
23.3725
24.736666666666668
23.484444444444446
20.324166666666667
20.024166666666666
26.692777777777778
23.601388888888888
29.329444444444444
20.25111111111111
44.068333333333335
23.45722222222222
21.7275
22.220555555555556
25.06277777777778
18.372777777777777
23.605555555555554
21.36277777777778
26.308055555555555
22.718888888888888
23.373333333333335
19.39666666666667
22.550833333333333
23.8975
22.052222222222223
44.31388888888889
21.709722222222222
44.90694444444444
40.665277777777774
27.50638888888889
34.11222222222222
21.53472222222222
21.878611111111113
19.270833333333332
38.868611111111115
28.069166666666668
22.15138888888889
27.692222222222224
22.48361111111111
22.046666666666667
21.9075
21.016944444444444
20.80361111111111
24.807777777777776
20.389722222222222
28.896944444444443
23.361666666666668
23.15
23.810277777777777
22.490833333333335
15.497222222222222
24.505555555555556
24.74888888888889
17.323055555555555
20.4
20.787222222222223
27.90888888888889
19.06138888888889
44.335
19.35861111111111
21.951666666666668
24.176388888888887
22.996388888888887
17.79888888888889
28.520833333333332
19.192777777777778
20.49972222222222
