1.12
1.4011111111111112
1.3341666666666667
1.0705555555555555
1.4277777777777778
1.3222222222222222
1.4847222222222223
1.1919444444444445
1.56
1.2444444444444445
1.3208333333333333
1.1472222222222221
1.0305555555555554
1.603611111111111
1.8363888888888888
1.1183333333333334
1.381388888888889
0.9347222222222222
1.1813888888888888
1.1369444444444445
1.4575
1.2302777777777778
1.5347222222222223
1.1747222222222222
1.4866666666666666
1.3380555555555556
1.2319444444444445
1.3791666666666667
1.2325
1.308888888888889
1.5547222222222221
1.4708333333333334
1.1930555555555555
1.1263888888888889
1.2255555555555555
1.863888888888889
1.4455555555555555
1.8480555555555556
1.1819444444444445
1.323611111111111
1.2447222222222223
1.1925
1.543611111111111
1.0116666666666667
1.4188888888888889
1.3494444444444444
1.3547222222222222
1.1375
0.7597222222222222
1.0147222222222223
1.3402777777777777
1.121388888888889
1.481111111111111
1.198888888888889
1.0744444444444445
1.226388888888889
1.0363888888888888
1.0430555555555556
1.0691666666666666
1.0794444444444444
1.4002777777777777
1.0391666666666666
0.8283333333333334
1.2883333333333333
0.9033333333333333
1.1613888888888888
1.2963888888888888
0.8702777777777778
1.0927777777777778
0.9861111111111112
1.128611111111111
1.0766666666666667
1.025
1.085
0.9247222222222222
0.9663888888888889
1.1544444444444444
0.7525
0.9077777777777778
0.9375
1.215
1.0541666666666667
0.8908333333333334
1.0988888888888888
1.1530555555555555
1.535
1.1019444444444444
0.8905555555555555
1.5638888888888889
0.7608333333333334
0.945
0.7841666666666667
1.18
0.9488888888888889
1.0969444444444445
0.7536111111111111
1.2697222222222222
1.2458333333333333
1.2752777777777777
0.9502777777777778
0.9069444444444444
0.8086111111111111
0.7183333333333334
0.9397222222222222
0.9655555555555555
0.7441666666666666
1.2380555555555555
1.2325
1.166111111111111
0.8808333333333334
0.765
0.6658333333333334
0.9519444444444445
0.9130555555555555
0.8725
1.1447222222222222
0.8427777777777777
1.0258333333333334
0.8858333333333334
1.1158333333333332
1.071388888888889
0.7180555555555556
0.9347222222222222
0.9566666666666667
1.0463888888888888
0.8511111111111112
0.9775
1.1544444444444444
0.9933333333333333
0.9163888888888889
1.1091666666666666
0.9386111111111111
0.7683333333333333
0.7152777777777778
1.0375
0.8155555555555556
0.9561111111111111
0.9241666666666667
0.8752777777777778
1.38
0.9725
0.8311111111111111
0.8805555555555555
0.9191666666666667
0.93
1.0241666666666667
0.6652777777777777
0.7875
0.8475
0.8527777777777777
1.0069444444444444
0.8972222222222223
1.0283333333333333
1.0544444444444445
1.0822222222222222
0.8152777777777778
0.8580555555555556
1.0905555555555555
0.9305555555555556
0.9725
0.7175
0.7216666666666667
0.9997222222222222
1.0291666666666666
0.8783333333333333
0.8458333333333333
1.1575
0.7777777777777778
0.9363888888888889
0.7988888888888889
0.7808333333333334
0.9225
0.8461111111111111
0.7683333333333333
0.8527777777777777
0.815
0.6736111111111112
0.7844444444444445
0.7358333333333333
0.8244444444444444
0.8780555555555556
0.9522222222222222
1.058888888888889
0.7675
0.8425
0.7122222222222222
0.9077777777777778
0.6619444444444444
0.9613888888888888
0.6619444444444444
0.8030555555555555
0.8988888888888888
0.6780555555555555
0.6422222222222222
0.8097222222222222
0.8008333333333333
0.8508333333333333
0.9747222222222223
0.8269444444444445
0.7472222222222222
1.1797222222222221
0.7625
0.7644444444444445
1.158611111111111
0.8925
0.9341666666666667
0.735
0.8975
0.8944444444444445
0.7416666666666667
0.7391666666666666
0.8372222222222222
0.7844444444444445
1.0152777777777777
0.7358333333333333
0.7741666666666667
0.7966666666666666
0.8202777777777778
0.9255555555555556
0.6497222222222222
0.8358333333333333
0.6263888888888889
0.8044444444444444
0.7330555555555556
0.6555555555555556
0.8130555555555555
0.7363888888888889
0.5997222222222223
0.7491666666666666
0.6066666666666667
0.9236111111111112
0.7638888888888888
0.6988888888888889
0.8347222222222223
0.7838888888888889
0.8902777777777777
0.5469444444444445
0.7552777777777778
0.6947222222222222
0.7202777777777778
0.9188888888888889
0.8144444444444444
0.6566666666666666
0.7897222222222222
0.7852777777777777
0.6127777777777778
0.95
0.8886111111111111
0.5925
0.7558333333333334
0.7008333333333333
0.6702777777777778
0.6527777777777778
0.6530555555555555
0.8808333333333334
0.5163888888888889
0.6602777777777777
0.6494444444444445
0.7277777777777777
0.6113888888888889
0.6361111111111111
0.7611111111111111
0.6572222222222223
0.7788888888888889
0.8955555555555555
0.8636111111111111
0.7563888888888889
0.5225
0.6394444444444445
0.6497222222222222
0.6883333333333334
0.7686111111111111
0.7244444444444444
0.7291666666666666
0.6047222222222223
0.495
0.6475
0.6988888888888889
0.7661111111111111
0.6875
0.9958333333333333
0.5277777777777778
0.7413888888888889
0.8419444444444445
0.5672222222222222
0.8569444444444444
0.6713888888888889
0.6747222222222222
0.7336111111111111
0.8547222222222223
0.6855555555555556
0.7075
0.6227777777777778
0.6375
0.6233333333333333
0.5633333333333334
0.8705555555555555
0.8172222222222222
0.71
0.7111111111111111
0.6688888888888889
0.6455555555555555
0.7191666666666666
0.7333333333333333
0.6919444444444445
0.6927777777777778
0.5786111111111111
0.7725
0.6897222222222222
0.5897222222222223
0.6402777777777777
0.5727777777777778
0.5341666666666667
0.6877777777777778
0.6891666666666667
0.64
0.5519444444444445
0.4488888888888889
0.6863888888888889
0.7386111111111111
0.48777777777777775
0.6213888888888889
0.5725
0.5044444444444445
0.5630555555555555
0.8577777777777778
0.6644444444444444
0.6175
0.6913888888888889
0.6908333333333333
0.5425
0.5297222222222222
0.5116666666666667
0.6452777777777777
0.5302777777777777
0.5830555555555555
0.4502777777777778
0.6980555555555555
0.5941666666666666
0.5355555555555556
0.5786111111111111
0.9247222222222222
0.5163888888888889
0.5072222222222222
0.5041666666666667
0.6505555555555556
0.5786111111111111
0.6997222222222222
0.7944444444444444
0.6486111111111111
0.6013888888888889
0.5686111111111111
0.5263888888888889
0.7694444444444445
0.5708333333333333
0.6661111111111111
0.6863888888888889
0.5363888888888889
0.5463888888888889
0.6530555555555555
0.5719444444444445
0.5208333333333334
0.5227777777777778
0.47944444444444445
0.6238888888888889
0.6302777777777778
0.6375
0.6358333333333334
0.8472222222222222
0.46
0.5452777777777778
0.7455555555555555
0.5569444444444445
0.585
0.6683333333333333
0.6244444444444445
0.5466666666666666
0.5602777777777778
0.565
0.575
0.6327777777777778
0.6619444444444444
0.5186111111111111
0.6641666666666667
0.515
0.7019444444444445
0.48444444444444446
0.6111111111111112
0.5797222222222222
0.4672222222222222
0.5686111111111111
0.7486111111111111
0.43916666666666665
0.5363888888888889
0.37194444444444447
0.5708333333333333
0.5738888888888889
0.5930555555555556
0.5522222222222222
0.4922222222222222
0.8902777777777777
0.6244444444444445
0.6019444444444444
0.5152777777777777
0.8902777777777777
0.5183333333333333
0.7202777777777778
0.41388888888888886
0.49027777777777776
0.6236111111111111
0.5705555555555556
0.4988888888888889
0.6166666666666667
0.5422222222222223
0.5825
0.48333333333333334
0.6036111111111111
0.5363888888888889
0.43444444444444447
0.5327777777777778
0.5594444444444444
0.49194444444444446
0.4855555555555556
0.5147222222222222
0.43972222222222224
0.44722222222222224
0.6075
0.47305555555555556
0.4722222222222222
0.6044444444444445
0.5725
0.49916666666666665
0.5497222222222222
0.6438888888888888
0.625
0.6611111111111111
0.5172222222222222
0.4647222222222222
0.4297222222222222
0.47555555555555556
0.44472222222222224
0.5875
0.48194444444444445
0.49277777777777776
0.6175
0.6127777777777778
0.4761111111111111
0.5652777777777778
0.48277777777777775
0.6072222222222222
0.7433333333333333
0.49527777777777776
0.5963888888888889
0.4513888888888889
0.5597222222222222
0.4419444444444444
0.53
0.4975
0.5375
0.5969444444444445
0.4880555555555556
0.4525
0.6044444444444445
0.6113888888888889
0.425
0.43805555555555553
0.45861111111111114
0.5930555555555556
0.4716666666666667
0.4675
0.5958333333333333
0.4225
0.47055555555555556
0.4688888888888889
0.4672222222222222
0.4463888888888889
0.4527777777777778
0.4072222222222222
0.5311111111111111
0.5966666666666667
0.4766666666666667
0.6327777777777778
0.5805555555555556
0.56
0.43722222222222223
0.43944444444444447
0.49777777777777776
0.4502777777777778
0.4075
0.5105555555555555
0.42583333333333334
0.5555555555555556
0.4375
0.4388888888888889
0.5883333333333334
0.6144444444444445
0.5122222222222222
0.45055555555555554
0.5505555555555556
0.4313888888888889
0.34444444444444444
0.49666666666666665
0.5155555555555555
0.4955555555555556
0.46694444444444444
0.3875
0.42055555555555557
0.45444444444444443
0.42916666666666664
0.4036111111111111
0.6175
0.5636111111111111
0.4297222222222222
0.6558333333333334
0.5705555555555556
0.6872222222222222
0.47833333333333333
0.5061111111111111
0.4688888888888889
0.5594444444444444
0.41194444444444445
0.4011111111111111
0.3913888888888889
0.41805555555555557
0.5125
0.45472222222222225
0.5080555555555556
0.41638888888888886
0.5511111111111111
0.4811111111111111
0.5227777777777778
0.5086111111111111
0.6744444444444444
0.5491666666666667
0.39694444444444443
0.5205555555555555
0.4697222222222222
0.35194444444444445
0.3616666666666667
0.5105555555555555
0.44472222222222224
0.4263888888888889
0.5669444444444445
0.4597222222222222
0.4597222222222222
0.43666666666666665
0.3869444444444444
0.395
0.4936111111111111
0.45805555555555555
0.48055555555555557
0.5322222222222223
0.47055555555555556
0.5397222222222222
0.49833333333333335
0.5011111111111111
0.475
0.4222222222222222
0.5205555555555555
0.5813888888888888
0.4663888888888889
0.4922222222222222
0.38416666666666666
0.6158333333333333
0.48138888888888887
0.5611111111111111
0.465
0.3686111111111111
0.36083333333333334
0.4411111111111111
0.47055555555555556
0.5116666666666667
0.4388888888888889
0.44583333333333336
0.4191666666666667
0.395
0.3308333333333333
0.42
0.3686111111111111
0.3275
0.3819444444444444
0.3852777777777778
0.3655555555555556
0.49
0.49416666666666664
0.5633333333333334
0.6205555555555555
0.42277777777777775
0.37027777777777776
0.37027777777777776
0.35777777777777775
0.40166666666666667
0.3825
0.3983333333333333
0.39944444444444444
0.4513888888888889
0.44972222222222225
0.42
0.4038888888888889
0.405
0.5
0.3902777777777778
0.3438888888888889
0.4461111111111111
0.4361111111111111
0.45472222222222225
0.43
0.36583333333333334
0.45166666666666666
0.4613888888888889
0.37194444444444447
0.5113888888888889
0.38555555555555554
0.46944444444444444
0.39416666666666667
0.31416666666666665
0.31527777777777777
0.5125
0.4330555555555556
0.4469444444444444
0.35055555555555556
0.30972222222222223
0.6611111111111111
0.3988888888888889
0.4686111111111111
0.5466666666666666
0.49666666666666665
0.34833333333333333
0.3169444444444444
0.3372222222222222
0.5519444444444445
0.4647222222222222
0.30666666666666664
0.42083333333333334
0.3477777777777778
0.36277777777777775
0.3988888888888889
0.36027777777777775
0.5094444444444445
0.35944444444444446
0.4888888888888889
0.3869444444444444
0.3738888888888889
0.4186111111111111
0.4002777777777778
0.3836111111111111
0.4211111111111111
0.4002777777777778
0.4002777777777778
0.40805555555555556
0.4091666666666667
0.3302777777777778
0.38916666666666666
0.32805555555555554
0.32722222222222225
0.5538888888888889
0.4741666666666667
0.3383333333333333
0.3977777777777778
0.5455555555555556
0.5888888888888889
0.31222222222222223
0.3775
0.5333333333333333
0.4841666666666667
0.5752777777777778
0.4286111111111111
0.6102777777777778
0.33055555555555555
0.4225
0.3502777777777778
0.47833333333333333
0.4636111111111111
0.4027777777777778
0.3338888888888889
0.3788888888888889
0.5641666666666667
0.5319444444444444
0.4797222222222222
0.41
1.448888888888889
0.5655555555555556
0.44472222222222224
0.35305555555555557
0.45611111111111113
0.36444444444444446
0.4313888888888889
0.44805555555555554
0.4461111111111111
0.43277777777777776
0.3675
0.45861111111111114
0.37333333333333335
0.37333333333333335
0.36
0.3516666666666667
0.3186111111111111
0.5116666666666667
0.5441666666666667
0.38416666666666666
0.39222222222222225
0.4988888888888889
0.43194444444444446
0.48138888888888887
0.45805555555555555
0.47833333333333333
0.41388888888888886
0.4841666666666667
0.3277777777777778
0.42777777777777776
0.4272222222222222
0.3605555555555556
0.2980555555555556
0.3061111111111111
0.4011111111111111
0.35305555555555557
0.35805555555555557
0.4538888888888889
0.3125
0.3169444444444444
0.36444444444444446
0.3388888888888889
0.43444444444444447
0.3377777777777778
0.505
0.4236111111111111
0.295
0.37
0.3827777777777778
0.35805555555555557
0.4875
0.32722222222222225
0.31194444444444447
0.4708333333333333
0.49083333333333334
0.3263888888888889
0.37583333333333335
0.28694444444444445
0.3566666666666667
0.30027777777777775
0.4116666666666667
0.37027777777777776
0.39
0.39166666666666666
0.33555555555555555
0.4066666666666667
0.3322222222222222
0.3863888888888889
0.45861111111111114
0.2627777777777778
0.37444444444444447
0.3055555555555556
0.4225
0.37555555555555553
0.545
0.49472222222222223
0.2747222222222222
0.5216666666666666
0.38861111111111113
0.3358333333333333
0.3175
0.4211111111111111
0.35583333333333333
0.4716666666666667
0.29777777777777775
0.3511111111111111
0.35805555555555557
0.45944444444444443
0.41833333333333333
0.29527777777777775
0.4288888888888889
0.38027777777777777
0.31916666666666665
0.3036111111111111
0.4747222222222222
0.32805555555555554
0.2783333333333333
0.2825
0.37472222222222223
0.31583333333333335
0.6208333333333333
0.3011111111111111
0.30972222222222223
0.37972222222222224
0.3738888888888889
0.31277777777777777
0.3063888888888889
0.38027777777777777
0.2708333333333333
0.31805555555555554
0.3175
0.2891666666666667
0.43555555555555553
0.3233333333333333
0.29694444444444446
0.41055555555555556
0.30666666666666664
0.3516666666666667
0.32055555555555554
0.3947222222222222
0.2702777777777778
0.37333333333333335
0.3011111111111111
0.46694444444444444
0.36916666666666664
0.3927777777777778
0.23444444444444446
0.44972222222222225
0.37333333333333335
0.34
0.35833333333333334
0.3358333333333333
0.4411111111111111
0.31194444444444447
0.48527777777777775
0.4886111111111111
0.3636111111111111
0.2911111111111111
0.2788888888888889
0.2788888888888889
0.30944444444444447
0.41305555555555556
0.2927777777777778
0.3263888888888889
0.33611111111111114
0.3038888888888889
0.3322222222222222
0.3591666666666667
0.44166666666666665
0.2863888888888889
0.27194444444444443
0.43694444444444447
0.25194444444444447
0.3025
0.25305555555555553
0.2536111111111111
0.3
0.3063888888888889
0.41944444444444445
0.3458333333333333
0.2663888888888889
0.2877777777777778
0.41694444444444445
0.4136111111111111
0.32166666666666666
0.435
0.31527777777777777
0.28694444444444445
0.3263888888888889
0.4330555555555556
0.33444444444444443
0.2891666666666667
0.3411111111111111
0.3572222222222222
0.39361111111111113
0.32722222222222225
0.25027777777777777
0.23444444444444446
0.3575
0.3597222222222222
0.35583333333333333
0.32805555555555554
0.39416666666666667
0.4091666666666667
0.3113888888888889
0.27
0.41055555555555556
0.4166666666666667
0.3086111111111111
0.44222222222222224
0.27194444444444443
0.26
0.4741666666666667
0.3013888888888889
0.35638888888888887
0.2658333333333333
0.3347222222222222
0.33305555555555555
0.3375
0.4797222222222222
0.2972222222222222
0.3616666666666667
0.2811111111111111
0.2986111111111111
0.33194444444444443
0.29
0.29888888888888887
0.35638888888888887
0.3541666666666667
0.33416666666666667
0.3175
0.24583333333333332
0.25833333333333336
0.3447222222222222
0.305
0.2852777777777778
0.28
0.3672222222222222
0.3338888888888889
0.33305555555555555
0.2827777777777778
0.27805555555555556
0.3411111111111111
0.2975
0.295
0.3325
0.25472222222222224
0.30722222222222223
0.2897222222222222
0.29305555555555557
0.26722222222222225
0.23555555555555555
0.40444444444444444
0.4127777777777778
0.2588888888888889
0.27194444444444443
0.2727777777777778
0.2783333333333333
0.2658333333333333
0.22916666666666666
0.3877777777777778
0.24444444444444444
0.29083333333333333
0.2822222222222222
0.47194444444444444
0.2758333333333333
0.32722222222222225
0.4141666666666667
0.2861111111111111
0.2427777777777778
0.28305555555555556
0.2619444444444444
0.3672222222222222
0.31277777777777777
0.24861111111111112
0.2725
0.2427777777777778
0.29138888888888886
0.40194444444444444
0.35138888888888886
0.3463888888888889
0.22972222222222222
0.2475
0.38805555555555554
0.32305555555555554
0.23583333333333334
0.2688888888888889
0.35583333333333333
0.22027777777777777
0.3477777777777778
0.3477777777777778
0.24083333333333334
0.26694444444444443
0.3338888888888889
0.3663888888888889
0.2644444444444444
0.22722222222222221
0.26222222222222225
0.33611111111111114
0.2263888888888889
0.31416666666666665
0.32972222222222225
0.3433333333333333
0.34944444444444445
0.3908333333333333
0.3525
0.2386111111111111
0.24166666666666667
0.21555555555555556
0.25055555555555553
0.5375
0.3630555555555556
0.25055555555555553
0.3688888888888889
0.25472222222222224
0.2688888888888889
0.3211111111111111
0.2761111111111111
0.2038888888888889
0.2588888888888889
0.26416666666666666
0.2275
0.4013888888888889
0.2538888888888889
0.26361111111111113
0.24944444444444444
0.3252777777777778
0.2836111111111111
0.235
0.2561111111111111
0.32972222222222225
0.46444444444444444
0.3461111111111111
0.21888888888888888
0.29555555555555557
0.2538888888888889
0.2627777777777778
0.3313888888888889
0.18666666666666668
0.4608333333333333
