149.4113888888889
184.21055555555554
173.20666666666668
141.97222222222223
226.77388888888888
165.32555555555555
199.70694444444445
134.92444444444445
212.8175
171.36583333333334
169.4675
131.51611111111112
116.05166666666666
242.94361111111112
247.28027777777777
131.90694444444443
178.34805555555556
109.30722222222222
143.39027777777778
131.28027777777777
220.75916666666666
174.315
235.67805555555555
132.64888888888888
190.92583333333334
171.9675
141.36
182.65833333333333
141.1075
188.00027777777777
204.2236111111111
204.67583333333334
141.9825
130.97305555555556
169.1025
285.08916666666664
202.8997222222222
269.8616666666667
138.30444444444444
155.77666666666667
163.81194444444444
134.37694444444443
216.69833333333332
114.64694444444444
173.36666666666667
172.105
244.3
133.54472222222222
81.50638888888889
108.4413888888889
156.8225
138.92638888888888
199.2888888888889
176.7613888888889
159.5286111111111
147.77805555555557
125.845
116.88944444444445
135.59944444444446
138.03583333333333
189.61111111111111
121.20527777777778
82.095
160.60083333333333
101.63333333333334
131.76166666666666
170.14444444444445
89.50138888888888
151.25277777777777
118.805
146.7902777777778
123.97777777777777
110.10805555555555
154.27777777777777
99.63472222222222
112.3725
127.62277777777778
76.895
93.1588888888889
115.63361111111111
161.38777777777779
121.48388888888888
108.93583333333333
129.80694444444444
137.94333333333333
198.34527777777777
145.2836111111111
97.84972222222223
237.98
86.56361111111111
116.70527777777778
85.42722222222223
148.63416666666666
108.81388888888888
129.6886111111111
87.60222222222222
199.36916666666667
185.91361111111112
164.13222222222223
114.53027777777778
103.6625
98.13027777777778
70.37333333333333
107.79083333333334
120.26583333333333
88.90472222222222
191.56222222222223
145.95666666666668
153.69027777777777
99.76527777777778
89.35305555555556
68.06138888888889
103.06138888888889
94.75777777777778
88.8525
209.09416666666667
103.42472222222223
130.92166666666665
102.87055555555555
127.76472222222222
133.0088888888889
69.09944444444444
117.15666666666667
110.66805555555555
152.01416666666665
122.79222222222222
108.12833333333333
146.18555555555557
127.4036111111111
100.57861111111112
135.45333333333335
104.35777777777778
88.66222222222223
68.86777777777777
129.00611111111112
92.92277777777778
110.46027777777778
103.69666666666667
93.20416666666667
189.69
124.21166666666667
93.9275
92.77444444444444
107.81694444444445
105.89555555555556
140.4897222222222
66.20194444444445
99.18527777777778
101.92555555555556
88.04888888888888
131.87305555555557
102.66416666666667
177.64527777777778
124.20722222222223
125.83805555555556
86.25
95.76527777777778
140.5836111111111
107.46777777777778
125.9263888888889
70.18277777777777
85.62138888888889
114.13638888888889
124.16694444444444
105.50222222222222
86.6536111111111
151.3788888888889
78.03194444444445
115.88694444444444
87.68083333333334
87.1588888888889
109.86611111111111
96.1763888888889
74.77638888888889
100.53972222222222
103.86777777777777
69.0988888888889
91.90388888888889
83.11833333333334
85.74916666666667
92.46666666666667
113.75555555555556
131.06472222222223
85.81861111111111
93.24722222222222
73.1361111111111
116.10888888888888
67.26277777777777
111.36805555555556
64.20527777777778
91.99833333333333
136.60194444444446
65.49944444444445
62.09222222222222
91.075
95.49027777777778
99.00277777777778
120.46138888888889
95.39166666666667
84.99333333333334
177.42111111111112
88.6375
91.07
147.35888888888888
115.81305555555555
114.88722222222222
77.86333333333333
101.34
133.89833333333334
74.6675
77.0963888888889
85.39583333333333
81.78888888888889
109.35972222222222
89.11361111111111
91.36583333333333
80.1536111111111
88.94305555555556
121.09444444444445
61.66388888888889
102.1925
65.70694444444445
88.32722222222222
78.26027777777777
69.94194444444445
96.30722222222222
85.50111111111111
61.06194444444444
81.12138888888889
63.36277777777778
112.2175
87.05444444444444
78.35833333333333
99.81027777777778
85.83277777777778
98.2911111111111
50.308055555555555
94.0363888888889
84.5925
73.87083333333334
106.0975
107.33972222222222
64.415
99.12194444444444
96.52694444444444
63.515277777777776
128.7838888888889
101.94611111111111
56.81472222222222
85.94111111111111
75.83055555555555
73.67416666666666
62.7575
69.49638888888889
121.37166666666667
48.209722222222226
63.778888888888886
70.63027777777778
82.03777777777778
62.92888888888889
75.7025
79.69611111111111
68.91444444444444
82.63361111111111
110.29277777777777
109.85111111111111
92.6613888888889
48.19222222222222
74.34361111111112
66.94972222222222
72.24722222222222
101.26444444444445
79.29444444444445
86.85
60.03138888888889
44.80138888888889
84.62138888888889
77.92472222222223
88.14166666666667
76.21388888888889
197.55388888888888
53.010555555555555
83.84333333333333
132.03055555555557
54.52194444444444
115.83611111111111
76.29
81.53777777777778
79.19555555555556
114.04555555555555
69.38722222222222
96.91361111111111
67.37194444444444
67.43722222222222
66.35777777777778
56.655
108.96472222222222
118.34027777777777
79.1925
76.76166666666667
68.41444444444444
72.77888888888889
96.62972222222223
93.465
83.6036111111111
80.68222222222222
58.488055555555555
84.85055555555556
78.43555555555555
61.781666666666666
66.94361111111111
54.03888888888889
54.110277777777775
72.27277777777778
74.08611111111111
62.39888888888889
52.57222222222222
41.02166666666667
82.77305555555556
80.93777777777778
45.001666666666665
60.51222222222222
56.27472222222222
48.596666666666664
57.00111111111111
95.10805555555555
78.6511111111111
74.25916666666667
82.56944444444444
77.045
55.35194444444444
51.036944444444444
54.434444444444445
67.89777777777778
50.99805555555555
55.1175
42.64194444444445
81.35083333333333
67.76416666666667
51.71333333333333
58.650555555555556
168.16722222222222
51.40027777777778
50.73361111111111
50.75805555555556
72.80277777777778
57.97638888888889
72.68027777777777
112.73916666666666
71.535
74.8536111111111
65.50666666666666
53.11611111111111
96.97833333333334
59.766666666666666
67.1986111111111
81.33083333333333
66.28972222222222
54.04666666666667
70.38861111111112
59.266666666666666
51.952777777777776
48.62083333333333
44.80138888888889
77.56805555555556
69.60861111111112
67.60194444444444
63.22222222222222
109.7425
40.95666666666666
59.11083333333333
90.77888888888889
53.54694444444444
59.16722222222222
69.77972222222222
76.33583333333333
54.19638888888889
58.99305555555556
57.55388888888889
67.94777777777777
73.1361111111111
85.90416666666667
53.84
87.76833333333333
50.30694444444445
85.34944444444444
47.005833333333335
64.43277777777777
58.05777777777778
42.60611111111111
64.42861111111111
106.43305555555555
45.48722222222222
56.12444444444444
34.08444444444444
59.97138888888889
64.52666666666667
71.25638888888889
66.86361111111111
49.895
133.80527777777777
68.19416666666666
73.71888888888888
50.92472222222222
121.85055555555556
57.10861111111111
101.1575
41.158611111111114
47.23444444444444
71.71555555555555
59.59638888888889
52.06111111111111
70.33194444444445
54.54361111111111
60.959722222222226
49.39972222222222
74.2325
62.26111111111111
40.41305555555556
54.40555555555556
62.367222222222225
47.983333333333334
52.827222222222225
47.82277777777778
39.950833333333335
42.8975
60.45611111111111
47.52777777777778
47.6175
73.41194444444444
58.290277777777774
48.09111111111111
61.43638888888889
88.45555555555555
73.4961111111111
88.42444444444445
51.37611111111111
45.51833333333333
39.852222222222224
49.231944444444444
41.28805555555556
85.86555555555556
48.03666666666667
50.01416666666667
66.34916666666666
69.14027777777778
44.342777777777776
61.87083333333333
49.27388888888889
69.57083333333334
92.25555555555556
51.00333333333333
70.36444444444444
42.91694444444445
59.654444444444444
40.318333333333335
55.5025
58.310833333333335
58.78388888888889
66.46388888888889
46.27055555555555
39.83555555555556
65.97111111111111
77.71805555555555
38.20583333333333
42.007222222222225
47.591944444444444
68.63722222222222
48.9525
45.838055555555556
59.856944444444444
41.98027777777778
45.573055555555555
45.09527777777778
45.45638888888889
41.49916666666667
44.05722222222222
38.04416666666667
50.45444444444445
81.8975
52.03138888888889
71.62972222222223
63.99
57.96361111111111
43.19361111111111
42.19222222222222
49.544444444444444
42.74388888888889
39.93666666666667
55.14277777777778
39.343333333333334
62.71111111111111
42.885
42.28111111111111
65.75111111111111
70.87194444444444
56.57888888888889
41.74861111111111
64.085
42.323055555555555
31.904166666666665
48.95527777777778
56.846111111111114
53.06527777777778
49.01138888888889
35.3925
39.465
45.875277777777775
39.286944444444444
38.01111111111111
75.09277777777778
70.96527777777777
41.75333333333333
78.85111111111111
74.27
106.89722222222223
47.45055555555555
53.437777777777775
44.05777777777778
77.535
38.50416666666667
34.76
34.71722222222222
43.535555555555554
55.76833333333333
44.270833333333336
66.19722222222222
42.134166666666665
67.95138888888889
45.8675
56.22388888888889
58.132777777777775
82.66944444444445
58.473333333333336
35.108333333333334
53.139722222222225
52.86694444444444
31.743333333333332
34.903888888888886
51.51555555555556
43.47944444444445
43.87166666666667
57.50222222222222
49.929722222222225
49.76277777777778
42.57888888888889
34.355
35.263333333333335
51.42888888888889
45.335277777777776
53.92194444444444
59.79388888888889
46.202777777777776
59.00527777777778
48.45666666666666
51.525
46.57611111111111
41.844722222222224
58.610277777777775
73.3561111111111
50.89222222222222
48.82527777777778
34.81055555555555
82.51555555555555
47.08861111111111
72.3338888888889
54.589166666666664
33.35305555555556
31.048055555555557
40.30166666666667
50.844722222222224
55.82833333333333
42.321666666666665
43.61527777777778
38.673611111111114
38.62888888888889
29.590555555555557
39.93972222222222
33.81666666666667
29.00888888888889
35.24138888888889
38.19305555555555
34.76888888888889
60.3775
55.09777777777778
74.50805555555556
81.41944444444445
44.159444444444446
32.55305555555555
35.58222222222222
33.15138888888889
37.86
36.545833333333334
38.23388888888889
41.499722222222225
47.31861111111111
46.17888888888889
40.85666666666667
37.74027777777778
37.87611111111111
57.2075
43.00972222222222
29.43611111111111
44.91027777777778
44.908611111111114
46.853611111111114
39.06361111111111
31.706944444444446
45.380833333333335
47.02333333333333
34.11
56.113055555555555
37.17861111111111
47.135555555555555
36.515
28.73027777777778
27.656944444444445
56.945277777777775
43.80166666666667
43.992777777777775
31.753888888888888
27.127222222222223
86.9775
41.14416666666666
48.10888888888889
74.51222222222222
52.36805555555556
32.78916666666667
27.233333333333334
31.493055555555557
67.84027777777777
49.77472222222222
26.345833333333335
40.005833333333335
29.850833333333334
31.237222222222222
40.435
32.97638888888889
55.5125
34.08361111111111
52.38444444444445
34.94583333333333
36.069722222222225
42.78638888888889
43.04
40.994166666666665
43.315555555555555
36.89666666666667
41.473333333333336
43.96388888888889
40.600833333333334
28.418333333333333
36.09527777777778
31.706944444444446
29.26222222222222
66.07305555555556
57.647777777777776
30.709722222222222
39.496944444444445
65.08055555555555
88.21694444444445
26.773888888888887
34.29055555555556
63.36888888888889
73.75555555555556
103.33361111111111
41.59888888888889
74.05444444444444
29.069444444444443
45.32888888888889
34.519444444444446
57.51027777777778
45.58
38.467777777777776
30.208333333333332
35.673611111111114
71.74027777777778
75.72944444444444
56.9275
41.032222222222224
703.4169444444444
66.87638888888888
47.934444444444445
34.455555555555556
44.62361111111111
35.22666666666667
44.574444444444445
47.43555555555555
47.8375
46.76027777777778
35.555
50.494166666666665
35.94916666666666
34.577222222222225
36.57944444444445
33.91972222222222
30.287222222222223
57.18944444444445
72.02583333333334
37.46333333333333
37.75527777777778
61.32361111111111
42.99
53.20861111111111
48.156666666666666
55.77722222222222
41.95444444444445
58.20722222222222
28.04388888888889
43.5075
46.920833333333334
33.15111111111111
27.066944444444445
27.118055555555557
39.61972222222222
31.95611111111111
32.024166666666666
46.541666666666664
27.96611111111111
28.26972222222222
34.19444444444444
30.56
44.06305555555556
32.10166666666667
65.62194444444444
45.48638888888889
26.17
34.00611111111111
38.445
33.67388888888889
51.471666666666664
29.981944444444444
28.635
54.19305555555555
57.46055555555556
29.280277777777776
37.846666666666664
25.872222222222224
32.315
26.264722222222222
40.61972222222222
35.085
40.55277777777778
41.33694444444444
30.574166666666667
44.8375
34.19888888888889
40.160555555555554
49.94166666666667
23.28527777777778
35.49166666666667
27.784166666666668
46.30027777777778
37.466388888888886
72.26444444444445
56.074444444444445
25.456944444444446
81.22416666666666
40.04055555555556
29.864722222222223
28.713055555555556
47.42166666666667
35.25833333333333
48.70333333333333
27.149722222222223
34.09166666666667
33.12305555555555
58.35722222222222
45.141666666666666
24.601111111111113
47.0825
36.98027777777778
30.49
26.560833333333335
60.455555555555556
30.78361111111111
23.717222222222222
25.32027777777778
39.0975
29.12361111111111
101.55777777777777
26.97277777777778
27.326944444444443
36.836666666666666
36.314166666666665
28.393333333333334
26.714444444444446
35.993611111111115
23.501944444444444
29.358333333333334
29.20638888888889
25.41777777777778
48.59722222222222
30.4925
26.818055555555556
44.41722222222222
26.20722222222222
32.658055555555556
29.087222222222223
38.48361111111111
23.72861111111111
38.67027777777778
27.63138888888889
59.0875
35.181111111111115
43.50194444444445
20.197222222222223
51.704166666666666
34.969722222222224
30.717222222222222
36.66166666666667
31.919722222222223
49.1375
28.518055555555556
60.42888888888889
67.88833333333334
35.30166666666667
25.371666666666666
26.42222222222222
29.281388888888888
28.2975
42.91388888888889
25.03361111111111
32.2525
33.88361111111111
27.29138888888889
31.085555555555555
33.019444444444446
49.56527777777778
24.764444444444443
23.439166666666665
57.153888888888886
22.265833333333333
28.595833333333335
22.146944444444443
22.549444444444443
30.566111111111113
29.00888888888889
57.69972222222222
36.06916666666667
22.59138888888889
26.825555555555557
44.028055555555554
45.24
30.738888888888887
55.130833333333335
29.628611111111113
28.583333333333332
31.025277777777777
50.98027777777778
32.28888888888889
27.766944444444444
34.41638888888889
34.01444444444444
45.85527777777778
32.36944444444445
21.113333333333333
19.670833333333334
37.62972222222222
34.45194444444444
35.945
34.519444444444446
42.284444444444446
48.17527777777778
29.825277777777778
24.343611111111112
47.8475
48.716388888888886
28.705555555555556
53.56361111111111
24.845277777777778
23.32777777777778
76.73861111111111
29.19
38.73722222222222
23.892777777777777
32.93333333333333
32.79388888888889
34.63444444444445
61.665
28.602222222222224
42.02305555555556
26.886388888888888
30.782777777777778
32.39277777777778
26.784444444444443
28.44611111111111
35.754444444444445
36.30916666666667
31.845
29.41722222222222
20.814444444444444
22.064722222222223
33.632222222222225
27.48
24.92972222222222
25.64638888888889
41.6925
32.239444444444445
32.34583333333333
26.511666666666667
25.987222222222222
37.84222222222222
27.754722222222224
27.47138888888889
31.668333333333333
22.645
31.37388888888889
27.99222222222222
28.620555555555555
24.827222222222222
21.95722222222222
43.93805555555556
48.88916666666667
24.07472222222222
24.905833333333334
24.763333333333332
25.58416666666667
25.20277777777778
20.572777777777777
46.85777777777778
21.320555555555554
27.593611111111112
24.982777777777777
60.73722222222222
29.13722222222222
32.248333333333335
47.73083333333334
26.756666666666668
21.83972222222222
25.600277777777777
22.438055555555554
38.69888888888889
29.309166666666666
21.674166666666668
25.813055555555554
21.523611111111112
26.960277777777776
44.30166666666667
39.05361111111111
40.250277777777775
20.393333333333334
22.00888888888889
47.282222222222224
32.543055555555554
20.310833333333335
25.2025
43.24888888888889
19.930555555555557
38.72138888888889
35.13444444444445
19.933055555555555
24.260833333333334
33.349444444444444
41.69722222222222
25.203055555555554
20.204722222222223
25.04111111111111
36.244166666666665
21.378333333333334
31.045
37.02111111111111
39.30694444444445
35.451388888888886
49.87277777777778
38.7325
21.22222222222222
20.65138888888889
18.30527777777778
24.878055555555555
95.455
42.86555555555555
25.224722222222223
42.21194444444444
22.938333333333333
25.925555555555555
31.97388888888889
25.098055555555554
18.075
24.2825
22.761666666666667
20.235555555555557
47.35027777777778
24.97361111111111
24.064722222222223
23.558055555555555
33.48888888888889
28.369722222222222
20.622777777777777
22.599444444444444
33.63333333333333
68.98527777777778
38.985
19.14138888888889
30.655555555555555
23.88388888888889
25.38888888888889
36.52472222222222
17.221944444444443
53.95444444444445
