50021
95825
143843
177423
215260
260870
302300
357413
399001
451759
496380
528483
566776
615219
654713
691888
728356
764363
800579
831608
885373
942758
975178
1001016
1046237
1085917
1131785
1166711
1202851
1256164
1292634
1332125
1361169
1404835
1436484
1471957
1517235
1550815
1585483
1621939
1672341
1720990
1760879
1806156
1843368
1880754
1913059
1948049
2008515
2034159
2076901
2111602
2147772
2182146
2223552
2252221
2279217
2313791
2351784
2380916
2424581
2461589
2492470
2516446
2565967
2597950
2651989
2689411
2728760
2767557
2819471
2854500
2908888
2950549
3001641
3035029
3061868
3095163
3131081
3164375
3205157
3248343
3287964
3321865
3359624
3404968
3444954
3488894
3519266
3551107
3583083
3608818
3645579
3687520
3724524
3759612
3798074
3830840
3893593
3923364
3955845
3992232
4024219
4063371
4103206
4138553
4182947
4217334
4276472
4320067
4359172
4394429
4434366
4481269
4508485
4548361
4580871
4616846
4648370
4683140
4712836
4752060
4776640
4821208
4853561
4882424
4918546
4952522
4987343
5039607
5076434
5119525
5157165
5190725
5234068
5274384
5306879
5351261
5386774
5435029
5470834
5514183
5550805
5584635
5615242
5658954
5693883
5738476
5809122
5843076
5871224
5915198
5952294
6006631
6050061
6087126
6128494
6165878
6201576
6242921
6275952
6313126
6345055
6383211
6417563
6449896
6482169
6513081
6555437
6597070
6636564
6676925
6729388
6766567
6800122
6841956
6872252
6906898
6934766
6968749
6996973
7026661
7059832
7084889
7111118
7148970
7186398
7217455
7244437
7266742
7297510
7332656
7366865
7393929
7433377
7469130
7504804
7529188
7567726
7604695
7642366
7682467
7718279
7743825
7777336
7814424
7851928
7884886
7931251
7966676
8002536
8047886
8094791
8137964
8167548
8200085
8230687
8263874
8301601
8330342
8381043
8435977
8471644
8508275
8554052
8587848
8617819
8644931
8672139
8697171
8741000
8780726
8830518
8877941
8916189
8969851
9026596
9088569
9134771
9172564
9217176
9253370
9297157
9329802
9358571
9388614
9421274
9454983
9488659
9525709
9561315
9589522
9622489
9682896
9730095
9767886
9795958
9825518
9861786
9903907
9951548
9980949
10013124
10053077
10090442
10127007
10166977
10203624
10239294
10278243
10311010
10353931
10383826
10421168
10457971
10496454
10530088
10566857
10599410
10631540
10675938
10700752
10732752
10767706
10798646
10830464
10861437
10896995
10939345
10977143
11010301
11058418
11087676
11124800
11178400
11207854
11249745
11287258
11317185
11346760
11378405
11411198
11453705
11499228
11534802
11574387
11604763
11637502
11669228
11704290
11743224
11780513
11825607
11855960
11891350
11923305
11973066
12003691
12036573
12063363
12108776
12147578
12169259
12215481
12246551
12283993
12317295
12351251
12388805
12427127
12452050
12475549
12504276
12548714
12575735
12602974
12628442
12677226
12710414
12742039
12776676
12824746
12871059
12902464
12928854
12959711
12993705
13018341
13055160
13086584
13121355
13148434
13178497
13222747
13256286
13301866
13339967
13375867
13404577
13432229
13461785
13486411
13524590
13559784
13605745
13647170
13691847
13730806
13778906
13823893
13854965
13930658
13979817
14027625
14102686
14188470
14245445
14288119
14340873
14389237
14436986
14482382
14518205
14558363
14598069
14639864
14677495
14713284
14743601
14763596
14791258
14835122
14863287
14906570
14933467
14963817
14993243
15033342
15068262
15117558
15171211
15204890
15246736
15277256
15327933
15379931
15416015
15454900
15480948
15532827
15566109
15598901
15624284
15651726
15676118
15706378
15743275
15782150
15811201
15836902
15881420
15922064
15966868
15999962
16031253
16062335
16094114
16129526
16162474
16198832
16224056
16257316
16290420
16324368
16358207
16399519
16437497
16475723
16504486
16533775
16558080
16589900
16625156
16653185
16680260
16706601
16730202
16770163
16796661
16831376
16879775
16908621
16962283
16989851
17015375
17045051
17098799
17142205
17168547
17199552
17225382
17264273
17305113
17360652
17389718
17417324
17458803
17495769
17522571
17561678
17599267
17643921
17689656
17731896
17773826
17803815
17849345
17895818
17927597
17978697
18008517
18056939
18101393
18131980
18185611
18232767
18267629
18297570
18332939
18360905
18386718
18430274
18460944
18522868
18555338
18601614
18641139
18676924
18755720
18852316
18908623
18958520
19010812
19046739
19093961
19118043
19150728
19185750
19207602
19239957
19287581
19337074
19392841
19438069
19480309
19520981
19611690
19656116
19693598
19727140
19759394
19784355
19804538
19829919
19864494
19898425
19931907
19967677
20025683
20065561
20114246
20146008
20181157
20223765
20250710
20284180
20318133
20343653
20378043
20409806
20461858
20506796
20546202
20589370
20652405
20711913
20751897
20807624
20867221
20929484
20962384
21016093
21059791
21092898
21140721
21173740
21210909
21267123
21328509
21398755
21437193
21497314
21528908
21562476
21590650
21614367
21637415
21662531
21692139
21716490
21750605
21795329
21846010
21883473
21920614
21951808
21987057
22015807
22040944
22076094
22103038
22127624
22148265
22177242
22204224
22239831
22263687
22290131
22352438
22378669
22409407
22459495
22486036
22517754
22546246
22580340
22611185
22635265
22674278
22706557
22746189
22775510
22800461
22831852
22858737
22887640
22918025
22948869
22978534
23008818
23056065
23088497
23130214
23161768
23196153
23222978
23253261
23299952
23339474
23371920
23391127
23413020
23443510
23472671
23498716
23533353
23563279
23588058
23613485
23633959
23670120
23698441
23720432
23750940
23768546
23795694
23821336
23841491
23875458
23904350
23941107
23973865
24016682
24052585
24104940
24142416
24188029
24218061
24260389
24306461
24334847
24365298
24395363
24427818
24450456
24523318
24558279
24602445
24704624
24752790
24863521
25000430
25249381
25636624
25917431
26222155
26459866
26918324
27094716
27260696
27319180
27389687
27464508
27527876
27570461
27648884
27809923
27953130
28055107
28187898
28450140
28568562
28728778
28823920
28894536
29033662
29073728
29096623
29134173
29163120
29206845
29361608
29459252
29632993
29825886
29913756
30088831
30163181
30220899
30290468
30379171
30417913
30456529
30497656
30534138
30577695
30618901
30661968
30700013
30743398
30816163
30858390
30896697
30926702
30968877
31010065
31055551
31095284
31134235
31170895
31209005
31246354
31279047
31311379
31347356
31377793
31403685
31433337
31465474
31504835
31542260
31576223
31603267
31656377
31687583
31718806
31754106
31776042
31809681
31838658
31870991
31907429
31938940
31969697
31997164
32030177
32057683
32093387
32131818
32158374
32186016
32216077
32247007
32272164
32328915
32363906
32387672
32416670
32448544
32473054
32500371
32534503
32560548
32588211
32617363
32642916
32672085
32712096
32740779
32762168
32791151
32820120
32849081
32872077
32904314
32931206
32959877
32986360
33025355
33056755
33094339
33131457
33167387
33198902
33230739
33267154
33290016
33316318
33343594
33368143
33395479
33422976
33457129
33484199
33512786
33541791
33564739
33592869
33616679
33652065
33681218
33710942
33736073
33772894
33801367
33829959
33849397
33893701
33923228
33947233
33974908
34023575
34056378
34078192
34107646
34139887
34172610
34198618
34227305
34249503
34284143
34310413
34341280
34365000
34385675
34408271
34437163
34465643
34497726
34521035
34545498
34575803
34601382
34628772
34655808
34676435
34705093
34727272
34753536
34784230
34807022
34831900
34860938
34893243
34917916
34947017
34971731
34990850
35017543
35055478
35087965
35109583
35132000
35159451
35191483
35221282
35244545
35264584
35289809
35320960
35345062
35374962
35404981
35447085
35518996
35538407
35567957
35596558
35622730
35646967
35669644
35692017
35716466
35741571
35770566
35796138
35826549
35853902
35877372
35907481
35945252
35972986
35992422
36018384
36050385
36070208
36098539
36123814
36145009
36167877
36190053
36207844
36236708
36267235
36298585
36322249
36346082
36376119
36406719
36437299
36464229
36489777
36538562
36567440
36586377
36611272
36632441
36654709
36676780
36700345
36728550
36760610
36800857
36828795
36856865
36890308
36912667
36934643
36956878
36984338
37008470
37034517
37096602
37121334
37170071
37200618
37223860
37250798
37272470
37294910
37323659
37344548
37376039
37403799
37429013
37447879
37469609
37495605
37531763
37554524
37584011
37606546
37631143
37663598
37689259
37718651
37744001
37772089
37791971
37829236
37855660
37878343
37905930
37949194
37979670
38002002
38023685
38051790
38091811
38126469
38158608
38206797
38262549
38304878
38329887
38358282
38386593
38409432
38432761
38459979
38496221
38534686
38560465
38590062
38614692
38649662
38681731
38707388
38730768
38757426
38789868
38818930
38859791
38886016
38912166
38938647
39017182
39044719
39066348
39089663
39119482
39153511
39186033
39209583
39238451
39260869
39292713
39378113
39397473
39427109
