732772.0
428433.0
457458.0
220560.0
310636.0
298749.0
314255.0
707358.0
480733.0
536265.0
414820.0
179874.0
326344.0
522405.0
295667.0
335213.0
289369.0
286361.0
423165.0
155805.0
651811.0
592812.0
193578.0
121385.0
441524.0
346554.0
402286.0
238620.0
246138.0
658801.0
264259.0
293631.0
141553.0
348035.0
244599.0
228393.0
465875.0
246359.0
278347.0
224830.0
466720.0
417185.0
310902.0
464035.0
249665.0
228799.0
247513.0
298355.0
641742.0
142614.0
349278.0
215376.0
236125.0
246707.0
344178.0
298453.0
193539.0
233489.0
403682.0
159581.0
365662.0
306432.0
171874.0
115962.0
746854.0
166737.0
625451.0
284953.0
263160.0
269984.0
492383.0
234488.0
544275.0
453861.0
514145.0
209478.0
131064.0
379220.0
287154.0
206714.0
338391.0
331686.0
303970.0
314923.0
285365.0
419656.0
310542.0
547505.0
182338.0
177926.0
243667.0
141947.0
341179.0
359086.0
233117.0
319460.0
282658.0
311835.0
800343.0
196755.0
182065.0
294453.0
171523.0
292630.0
596139.0
381097.0
402869.0
231270.0
823459.0
341719.0
281717.0
216824.0
273774.0
434243.0
181856.0
360034.0
198025.0
251684.0
192075.0
229069.0
153115.0
284035.0
120459.0
476101.0
236113.0
175901.0
306769.0
225066.0
289950.0
494274.0
296351.0
340294.0
297632.0
371093.0
397074.0
385655.0
266702.0
493372.0
265829.0
494599.0
240871.0
477373.0
319595.0
292056.0
232045.0
374727.0
260804.0
390491.0
991266.0
206354.0
148826.0
420891.0
378281.0
610546.0
385684.0
294683.0
315519.0
321931.0
362831.0
503848.0
216283.0
323469.0
194224.0
354087.0
239238.0
220075.0
165511.0
180558.0
413264.0
360789.0
329305.0
400798.0
556322.0
244982.0
215671.0
537557.0
190287.0
211808.0
217332.0
208716.0
147075.0
206744.0
251539.0
123061.0
188966.0
358522.0
353798.0
183893.0
142113.0
88882.0
185265.0
230471.0
191226.0
136633.0
324781.0
280710.0
292883.0
123067.0
279841.0
334702.0
361638.0
592452.0
313758.0
161262.0
211517.0
259182.0
356696.0
229095.0
586414.0
276510.0
365825.0
375143.0
452970.0
362815.0
314932.0
206885.0
206602.0
282270.0
260883.0
150325.0
505593.0
826959.0
244114.0
276709.0
429917.0
246198.0
195737.0
205693.0
187039.0
194544.0
822531.0
282228.0
655687.0
575781.0
545353.0
543621.0
1015646.0
831142.0
674318.0
387369.0
464860.0
628390.0
524867.0
237675.0
247672.0
216048.0
286223.0
368830.0
292258.0
218050.0
295039.0
175553.0
196597.0
840216.0
499034.0
244258.0
140344.0
230988.0
236497.0
563859.0
440658.0
188405.0
245636.0
346934.0
306139.0
257829.0
588845.0
304358.0
272409.0
298025.0
197461.0
439296.0
200044.0
282139.0
282439.0
320918.0
218225.0
335564.0
205789.0
233282.0
582003.0
124909.0
221176.0
309661.0
201894.0
192187.0
237163.0
395647.0
444207.0
340492.0
276835.0
472093.0
179104.0
566537.0
626759.0
173782.0
497751.0
273443.0
182348.0
244569.0
260356.0
223563.0
475585.0
617360.0
430344.0
319569.0
202295.0
214314.0
333142.0
276158.0
367980.0
233466.0
367313.0
166358.0
239170.0
177220.0
462721.0
165934.0
378907.0
166122.0
478638.0
299000.0
91127.0
462347.0
205667.0
250445.0
201147.0
229861.0
253763.0
279388.0
208384.0
220059.0
186390.0
406487.0
236812.0
194769.0
156778.0
672018.0
262396.0
223872.0
267755.0
510062.0
514971.0
260532.0
119984.0
282317.0
296488.0
115655.0
233029.0
247566.0
256700.0
136933.0
324803.0
501843.0
280545.0
423206.0
328908.0
329936.0
297096.0
146601.0
217418.0
134382.0
323517.0
320307.0
414381.0
381405.0
368885.0
461065.0
682717.0
426493.0
290501.0
1822024.0
673245.0
479865.0
1402968.0
1670950.0
737446.0
412551.0
731899.0
685866.0
519764.0
422538.0
278595.0
297123.0
414975.0
513509.0
378111.0
266821.0
177337.0
105118.0
204005.0
520419.0
182592.0
527541.0
155703.0
317880.0
172967.0
362471.0
351326.0
534965.0
767555.0
270213.0
420826.0
161571.0
603502.0
879728.0
260155.0
344094.0
136980.0
671327.0
222172.0
186230.0
144524.0
178470.0
140466.0
177517.0
420150.0
395356.0
191801.0
248772.0
435858.0
515153.0
840345.0
224269.0
206636.0
205599.0
232383.0
294274.0
357140.0
307253.0
239206.0
216984.0
248329.0
241999.0
258500.0
426322.0
227799.0
332317.0
160933.0
144288.0
103812.0
228311.0
227576.0
139397.0
193960.0
155366.0
107822.0
333760.0
152502.0
272343.0
738278.0
197503.0
663402.0
139447.0
147186.0
193921.0
588064.0
487724.0
156873.0
297486.0
208075.0
302477.0
868698.0
869008.0
165628.0
162740.0
419799.0
268489.0
190139.0
701509.0
408857.0
487897.0
560760.0
556529.0
490183.0
281337.0
494095.0
1276824.0
418338.0
1014705.0
193195.0
551196.0
518857.0
387877.0
1150848.0
675372.0
493723.0
333211.0
294348.0
199521.0
177998.0
550661.0
195174.0
1213898.0
258718.0
429045.0
306638.0
221062.0
1449127.0
2348479.0
644752.0
725479.0
527895.0
266311.0
464745.0
174230.0
254719.0
241235.0
132990.0
280415.0
579931.0
740554.0
1037637.0
559799.0
442669.0
424635.0
2163669.0
491820.0
376893.0
391354.0
249548.0
163584.0
89052.0
160813.0
297151.0
277634.0
261452.0
345059.0
1262439.0
389556.0
472466.0
264995.0
277724.0
597255.0
168820.0
376499.0
310217.0
148854.0
219278.0
225386.0
1264627.0
523858.0
336936.0
453219.0
982102.0
784774.0
341773.0
630972.0
728616.0
919021.0
217555.0
673584.0
666550.0
296844.0
675734.0
386343.0
278333.0
672279.0
857574.0
1302482.0
310490.0
814830.0
232691.0
320095.0
179879.0
134965.0
132351.0
189013.0
197199.0
181002.0
267882.0
810567.0
791347.0
304842.0
347171.0
267739.0
271201.0
184303.0
133560.0
248332.0
155365.0
136680.0
87377.0
155727.0
198204.0
242011.0
137590.0
124873.0
1145243.0
178905.0
215860.0
529029.0
146974.0
200925.0
258929.0
261210.0
207398.0
105287.0
419583.0
209943.0
306786.0
183792.0
120599.0
236383.0
138271.0
233900.0
218594.0
235945.0
234869.0
205009.0
653454.0
305796.0
399386.0
214413.0
259486.0
161806.0
180380.0
550355.0
340634.0
206002.0
75345.0
120642.0
214568.0
236577.0
182940.0
281402.0
196332.0
118649.0
159829.0
125655.0
286424.0
182804.0
110130.0
185586.0
72680.0
153607.0
129228.0
82363.0
292067.0
167361.0
233399.0
224942.0
379080.0
237225.0
527230.0
310614.0
451134.0
164558.0
344795.0
441044.0
215854.0
198126.0
248383.0
438155.0
144882.0
2495735.0
302793.0
447519.0
6076867.0
705497.0
2666740.0
3213801.0
11874328.0
26733808.0
13611052.0
16287979.0
11337508.0
33817523.0
6807137.0
6486879.0
939497.0
1462569.0
2964617.0
1507499.0
551115.0
1822239.0
6344631.0
4750623.0
2874634.0
5555918.0
15133256.0
3970970.0
5681683.0
1841877.0
1465812.0
5832077.0
393944.0
120397.0
428397.0
150377.0
406875.0
5913299.0
2016192.0
7034401.0
9432571.0
2696045.0
8839935.0
1374095.0
855822.0
1080956.0
2309248.0
357658.0
405064.0
410066.0
324016.0
376810.0
403719.0
453760.0
397210.0
424853.0
1927460.0
486196.0
326266.0
251647.0
419927.0
358987.0
603771.0
401712.0
465983.0
286448.0
364583.0
334360.0
352146.0
266197.0
382558.0
258523.0
210258.0
275046.0
260389.0
416067.0
450736.0
304471.0
247864.0
1221104.0
289978.0
306754.0
361343.0
149181.0
374783.0
276955.0
328367.0
419056.0
306245.0
280685.0
204340.0
330066.0
245775.0
314898.0
391736.0
208476.0
220955.0
274935.0
266600.0
202261.0
1059007.0
292387.0
150547.0
304427.0
263627.0
170188.0
196039.0
251361.0
210483.0
219098.0
228716.0
208778.0
210482.0
389496.0
242774.0
122163.0
246692.0
203513.0
224674.0
164939.0
264779.0
214198.0
193211.0
181483.0
377396.0
257624.0
396671.0
327667.0
330500.0
229381.0
267908.0
351053.0
139772.0
181194.0
182273.0
157997.0
209967.0
188290.0
289918.0
213335.0
177817.0
221864.0
132004.0
184832.0
126029.0
353728.0
204506.0
210045.0
137337.0
410609.0
251072.0
212023.0
103602.0
484317.0
256769.0
142460.0
174424.0
816918.0
257962.0
107047.0
191870.0
270091.0
257613.0
149126.0
228348.0
128292.0
280242.0
162805.0
217428.0
133423.0
109485.0
117081.0
186533.0
220053.0
237865.0
119795.0
131951.0
216407.0
160202.0
185508.0
155914.0
109970.0
277519.0
136924.0
166341.0
190291.0
113679.0
137403.0
185349.0
208474.0
155492.0
201327.0
148989.0
88223.0
145496.0
370679.0
236162.0
107228.0
109737.0
185225.0
204616.0
175386.0
139573.0
89700.0
141025.0
200059.0
136907.0
233285.0
186268.0
473454.0
1538944.0
86148.0
216148.0
174820.0
139773.0
162548.0
126967.0
204965.0
152328.0
118940.0
210165.0
127294.0
186729.0
164684.0
139107.0
247770.0
457004.0
160380.0
99005.0
167168.0
236915.0
87067.0
239870.0
130713.0
110320.0
129607.0
123816.0
73141.0
222825.0
214254.0
260647.0
122000.0
127297.0
186187.0
256879.0
199280.0
185000.0
151516.0
597704.0
208872.0
88729.0
150628.0
99651.0
114230.0
112586.0
120989.0
233425.0
266449.0
407478.0
211813.0
235347.0
237060.0
120398.0
119340.0
113422.0
171396.0
143666.0
157987.0
1185461.0
146009.0
696535.0
296946.0
128721.0
190631.0
148333.0
130664.0
203023.0
115211.0
358453.0
169762.0
134758.0
103580.0
116248.0
164995.0
290458.0
144596.0
192407.0
129566.0
135110.0
291692.0
149291.0
197874.0
149792.0
185251.0
106381.0
342277.0
165998.0
107661.0
238582.0
700759.0
213883.0
108075.0
119277.0
161160.0
517977.0
339665.0
212467.0
574261.0
992389.0
409531.0
156292.0
232940.0
167268.0
122696.0
155050.0
177748.0
325863.0
427762.0
153299.0
230544.0
174570.0
301825.0
256456.0
160771.0
148309.0
184273.0
279920.0
213139.0
372295.0
174709.0
179434.0
198985.0
2133458.0
169201.0
125939.0
160813.0
198256.0
334713.0
221959.0
129461.0
230142.0
102884.0
255007.0
3436228.0
85454.0
173905.0
