49.68008041381836
64.83321380615234
45.81443786621094
60.48756790161133
49.833309173583984
52.10749053955078
52.59992218017578
42.92206573486328
61.400177001953125
50.05322265625
55.92201232910156
52.40069580078125
44.69021987915039
55.60079574584961
50.150516510009766
43.10261535644531
48.61321258544922
46.45074462890625
40.32261657714844
49.41194152832031
44.489830017089844
47.04533767700195
47.61053466796875
44.62702941894531
40.75240707397461
44.420867919921875
43.69784164428711
44.14834976196289
38.42237854003906
54.34649658203125
46.522918701171875
47.67151641845703
40.186824798583984
49.76939392089844
44.0352783203125
35.27470397949219
54.704891204833984
36.9284553527832
42.239498138427734
43.47369384765625
46.446739196777344
38.41572570800781
42.6392707824707
46.28582763671875
50.149803161621094
40.51692199707031
42.1663818359375
47.07941436767578
50.0438232421875
68.71756744384766
38.914154052734375
41.227149963378906
38.242496490478516
39.011878967285156
45.261878967285156
35.15897750854492
38.61400604248047
42.49513626098633
31.714950561523438
37.100921630859375
37.76323699951172
41.74349594116211
48.764259338378906
45.659278869628906
47.30713653564453
41.034820556640625
41.29530715942383
39.25067138671875
42.75641632080078
46.244014739990234
39.632232666015625
40.94103240966797
37.233314514160156
36.452938079833984
40.65202713012695
35.578399658203125
31.959503173828125
38.66371154785156
35.226318359375
42.61186981201172
38.5836181640625
38.054203033447266
29.933948516845703
30.58155632019043
35.05849838256836
45.540260314941406
35.368141174316406
30.241769790649414
29.748899459838867
33.24869155883789
36.2183837890625
34.309539794921875
34.67333984375
32.825828552246094
37.701812744140625
22.631671905517578
31.66042709350586
34.670867919921875
42.95227813720703
29.789398193359375
33.024620056152344
47.78223419189453
51.202247619628906
50.01225280761719
44.33509826660156
49.37029266357422
44.80790710449219
43.86149597167969
46.406333923339844
52.194000244140625
43.57360076904297
39.88102340698242
45.92053985595703
45.568145751953125
56.94074249267578
53.003662109375
38.84478759765625
32.92151641845703
43.87217712402344
37.93457794189453
43.50769805908203
44.923919677734375
46.43531036376953
40.52530288696289
39.10649871826172
39.553958892822266
38.439910888671875
36.77717971801758
33.860816955566406
35.89599609375
42.0950927734375
39.01448059082031
32.341705322265625
31.21528434753418
29.828895568847656
36.087554931640625
31.525833129882812
26.454374313354492
27.690258026123047
34.48249816894531
30.739818572998047
38.613731384277344
30.918851852416992
30.430896759033203
31.677989959716797
28.164813995361328
25.15166473388672
34.33545684814453
39.679325103759766
37.989295959472656
26.24256134033203
31.943321228027344
31.882795333862305
33.57637023925781
18.673625946044922
27.568744659423828
30.605453491210938
30.640445709228516
27.257396697998047
50.24805450439453
39.95661163330078
25.728729248046875
24.273792266845703
30.006397247314453
20.4775333404541
21.657649993896484
24.109691619873047
31.505863189697266
22.252716064453125
14.908208847045898
18.051929473876953
29.394031524658203
32.366233825683594
24.353879928588867
20.759117126464844
23.81596565246582
28.557178497314453
30.491939544677734
24.279979705810547
24.390552520751953
25.190532684326172
25.52881622314453
25.23549461364746
28.241634368896484
24.255870819091797
25.66802215576172
19.490772247314453
29.147830963134766
23.546850204467773
24.48143768310547
26.756290435791016
15.983149528503418
20.123992919921875
25.925037384033203
18.53530502319336
18.390323638916016
23.059913635253906
24.772035598754883
27.311704635620117
26.189472198486328
27.79414939880371
53.23334503173828
37.83980941772461
38.487098693847656
37.55002975463867
35.59733200073242
47.24922180175781
41.213356018066406
40.53710174560547
36.907752990722656
41.070526123046875
35.195350646972656
40.3337516784668
35.034976959228516
33.20078659057617
38.11418151855469
28.332077026367188
28.97158432006836
39.44960403442383
33.71707534790039
26.39099884033203
66.23493194580078
28.790241241455078
27.89958381652832
35.341793060302734
29.342378616333008
34.98041915893555
19.651338577270508
30.00870704650879
20.456602096557617
30.598339080810547
36.14656448364258
25.340087890625
41.09882354736328
35.26740264892578
18.251522064208984
25.849071502685547
45.87852096557617
26.858205795288086
19.353368759155273
25.297035217285156
33.22555160522461
32.09553146362305
37.601810455322266
30.299461364746094
23.729625701904297
24.671348571777344
23.28689193725586
31.78152084350586
37.22863006591797
32.92735290527344
30.844219207763672
41.327796936035156
45.45652770996094
32.752132415771484
36.12042999267578
27.782207489013672
24.403850555419922
27.09368133544922
25.7657470703125
27.279296875
45.64739227294922
23.70724105834961
30.10740089416504
15.277177810668945
39.80890655517578
27.8546142578125
32.865665435791016
38.245697021484375
23.725868225097656
25.980846405029297
30.347782135009766
31.863250732421875
26.496070861816406
36.779048919677734
33.5734977722168
36.782161712646484
26.3250732421875
28.161081314086914
31.01174545288086
46.69309997558594
43.980247497558594
28.64122200012207
21.831382751464844
25.418434143066406
26.320178985595703
20.901222229003906
41.152748107910156
44.847999572753906
27.415771484375
27.61271095275879
26.153261184692383
27.047382354736328
29.536548614501953
23.792644500732422
27.776580810546875
25.17667579650879
21.303531646728516
21.371089935302734
21.1104679107666
21.575021743774414
37.71405792236328
50.219512939453125
37.76660919189453
47.842979431152344
45.669952392578125
39.966835021972656
36.840084075927734
37.06340026855469
39.82171630859375
36.43770217895508
50.021697998046875
29.79108428955078
31.663414001464844
29.078062057495117
33.46730422973633
34.85055160522461
34.6461181640625
38.425872802734375
22.360576629638672
24.831085205078125
34.659339904785156
28.618593215942383
40.44705581665039
24.605302810668945
29.020057678222656
22.878944396972656
22.79351806640625
28.732820510864258
25.39533233642578
28.988056182861328
21.506866455078125
21.031211853027344
33.699310302734375
19.27452850341797
20.192771911621094
21.53101921081543
20.665063858032227
27.765275955200195
46.493568420410156
18.75301742553711
31.971126556396484
27.54091453552246
27.42884063720703
18.89496612548828
21.104564666748047
28.299591064453125
20.97624397277832
28.26760482788086
24.291187286376953
31.294889450073242
27.684734344482422
26.995803833007812
34.519012451171875
56.975128173828125
24.536392211914062
24.540206909179688
28.73267364501953
32.8294563293457
33.061893463134766
34.18088150024414
27.23870277404785
17.440261840820312
18.165149688720703
49.01506042480469
20.162328720092773
27.105545043945312
20.243398666381836
33.48307418823242
51.162559509277344
42.46906280517578
22.584928512573242
64.80438995361328
73.78614807128906
75.06208801269531
85.54188537597656
83.75320434570312
29.764488220214844
45.551063537597656
32.205223083496094
29.019304275512695
29.902015686035156
27.772932052612305
29.53413963317871
21.218326568603516
31.938003540039062
30.2944393157959
31.551788330078125
33.402610778808594
30.931476593017578
26.093017578125
26.638309478759766
33.15497970581055
30.081787109375
37.31657409667969
25.011001586914062
26.01311683654785
32.61399841308594
40.90740966796875
29.02831268310547
28.303884506225586
40.24689865112305
50.928741455078125
49.35716247558594
37.80769348144531
33.10967254638672
50.551597595214844
45.43879699707031
47.825172424316406
47.47376251220703
49.069828033447266
46.639854431152344
43.635894775390625
33.62864685058594
36.62983703613281
32.18999481201172
35.07019805908203
27.045162200927734
36.28205108642578
33.17848205566406
34.796058654785156
27.668067932128906
34.40971374511719
26.935409545898438
25.18400764465332
28.175132751464844
34.2261848449707
29.753997802734375
29.920202255249023
30.12847328186035
36.178688049316406
27.709047317504883
37.234737396240234
26.238231658935547
30.4384765625
37.77605438232422
30.65538215637207
23.960866928100586
22.435321807861328
24.420196533203125
21.244400024414062
23.018878936767578
33.52885437011719
25.927640914916992
23.46316909790039
22.159181594848633
33.15316390991211
25.975427627563477
19.02240562438965
21.68021011352539
24.363555908203125
37.32487106323242
38.4482536315918
31.093669891357422
26.56302261352539
21.959278106689453
36.09375
33.61004638671875
20.907546997070312
24.272411346435547
25.63138198852539
18.862398147583008
23.41976547241211
91.5487060546875
68.29572296142578
23.150278091430664
35.57981872558594
25.904226303100586
26.093650817871094
27.49995231628418
57.64198303222656
29.709285736083984
74.36426544189453
34.36250305175781
25.369897842407227
26.990711212158203
42.82359313964844
76.38880920410156
46.857017517089844
32.4029426574707
41.006160736083984
27.627243041992188
32.04679870605469
37.627872467041016
31.213611602783203
23.80401611328125
36.59858322143555
30.433740615844727
33.23682403564453
22.702051162719727
18.855209350585938
25.86736297607422
31.375295639038086
33.709800720214844
28.92506980895996
28.847015380859375
39.45227813720703
37.137413024902344
40.531768798828125
117.16326904296875
59.133235931396484
46.234031677246094
39.45566177368164
45.988006591796875
42.40315246582031
47.12224197387695
38.21543884277344
37.534664154052734
37.937400817871094
39.19564437866211
36.75361633300781
37.12239456176758
35.27971649169922
36.27693176269531
48.01293182373047
31.021747589111328
33.007389068603516
75.45044708251953
60.574180603027344
31.73432159423828
33.769256591796875
22.470701217651367
38.999427795410156
28.409391403198242
22.319807052612305
24.92047882080078
34.68168258666992
27.956127166748047
33.46674346923828
22.65604019165039
49.238182067871094
36.95399856567383
23.582378387451172
24.977848052978516
28.079002380371094
20.596912384033203
29.104873657226562
28.961729049682617
34.1994743347168
34.48491668701172
112.12035369873047
50.699893951416016
47.039066314697266
37.93585205078125
58.205726623535156
30.741947174072266
28.559005737304688
82.15716552734375
57.835121154785156
44.50273132324219
30.889509201049805
31.379629135131836
25.711252212524414
31.937257766723633
35.89921951293945
32.34208297729492
35.12663269042969
30.465316772460938
51.47530746459961
48.625144958496094
61.66703796386719
38.226715087890625
28.55085563659668
39.93132019042969
19.375856399536133
29.008865356445312
22.967329025268555
28.654029846191406
32.32543182373047
21.64763832092285
28.286056518554688
28.7493896484375
68.77432250976562
27.967721939086914
32.52217483520508
18.362728118896484
25.228092193603516
23.724714279174805
25.414594650268555
23.092653274536133
28.009117126464844
35.70207595825195
23.54839324951172
28.511646270751953
22.299739837646484
29.963420867919922
27.147174835205078
26.27100372314453
26.532306671142578
35.47531509399414
25.656448364257812
28.01671600341797
24.797752380371094
19.645780563354492
21.767230987548828
38.85445022583008
43.07540512084961
29.35915756225586
51.44977569580078
30.54355812072754
27.51446533203125
45.447486877441406
49.53169631958008
31.45964241027832
36.05895233154297
38.45817184448242
32.380855560302734
35.18541717529297
35.361228942871094
34.483123779296875
44.53288269042969
30.096887588500977
41.59899139404297
32.517723083496094
26.319849014282227
35.75775909423828
30.547035217285156
37.83613586425781
27.278705596923828
35.14336395263672
34.683502197265625
32.556732177734375
30.97064208984375
27.293582916259766
27.48828125
26.57071304321289
30.64645767211914
27.012096405029297
23.49576187133789
20.614524841308594
17.894641876220703
14.781877517700195
26.15337371826172
19.344058990478516
28.26544952392578
26.469297409057617
19.692138671875
18.24822235107422
27.28743553161621
36.091407775878906
18.114166259765625
17.91457748413086
25.119901657104492
19.612741470336914
25.298744201660156
40.20750045776367
32.48324203491211
30.367420196533203
33.536216735839844
36.073455810546875
43.488189697265625
39.0750846862793
11.944777488708496
25.68854522705078
22.014850616455078
224.9938507080078
79.29862976074219
47.227272033691406
707.9735717773438
211.16390991210938
215.8516845703125
266.5856018066406
531.2481079101562
262.132568359375
681.9336547851562
3521.77294921875
330.16094970703125
609.2472534179688
891.5992431640625
363.9248046875
136.41143798828125
77.38578796386719
70.9490966796875
91.89749145507812
103.22500610351562
72.45954895019531
131.53627014160156
191.21649169921875
202.8182830810547
85.40922546386719
328.459228515625
646.94775390625
419.87548828125
92.04167938232422
107.60910034179688
251.8822479248047
153.8805389404297
265.84356689453125
50.641090393066406
49.45498275756836
50.04759979248047
96.47978210449219
75.38042449951172
102.11183166503906
267.35552978515625
156.14735412597656
123.27787017822266
95.33939361572266
72.38359069824219
57.57879638671875
50.77809143066406
75.00827026367188
43.46100616455078
39.62250518798828
46.09953308105469
42.184547424316406
44.152198791503906
35.986568450927734
40.681053161621094
26.458208084106445
172.0293731689453
38.08649826049805
44.581939697265625
43.712196350097656
40.305389404296875
35.08013153076172
28.153301239013672
38.91502380371094
26.83538246154785
32.671241760253906
36.365089416503906
37.60581588745117
38.21260070800781
30.629962921142578
34.40935516357422
25.39342498779297
33.63994216918945
34.939308166503906
29.177940368652344
36.00299835205078
29.21268653869629
42.45103073120117
26.916587829589844
42.69862365722656
40.41054153442383
26.890933990478516
29.17949676513672
31.89901351928711
39.74352264404297
39.746009826660156
34.23984146118164
23.074893951416016
25.227365493774414
34.87289810180664
32.96720886230469
26.11310386657715
26.479841232299805
33.41748046875
25.768003463745117
29.317333221435547
26.741214752197266
26.91861343383789
28.065601348876953
30.014944076538086
26.26552963256836
26.132537841796875
29.277734756469727
26.913707733154297
24.66180419921875
32.52173614501953
25.382911682128906
30.937150955200195
24.087337493896484
26.633764266967773
35.34661102294922
30.81236457824707
22.48472785949707
40.727943420410156
34.75572204589844
21.843414306640625
37.04850769042969
30.09144401550293
28.4687442779541
34.5718994140625
33.161460876464844
35.80430603027344
27.312101364135742
26.266132354736328
28.831981658935547
28.45542335510254
25.920684814453125
30.457603454589844
23.62265968322754
25.123546600341797
28.340015411376953
37.38080978393555
27.741802215576172
27.105812072753906
36.240943908691406
26.311059951782227
29.87276840209961
29.362213134765625
21.769887924194336
35.30397033691406
28.84882354736328
28.16165542602539
25.669998168945312
24.27942657470703
26.690872192382812
27.474918365478516
25.729515075683594
50.23014831542969
42.943912506103516
45.53497314453125
40.92324447631836
28.48016357421875
40.963172912597656
44.08545684814453
48.43267059326172
32.25951385498047
34.05567169189453
89.27853393554688
42.01013946533203
33.65540313720703
54.80543899536133
36.82673645019531
36.118568420410156
35.699066162109375
46.865997314453125
37.1967887878418
33.04749298095703
37.71607208251953
33.28657531738281
44.054161071777344
39.2310676574707
38.193572998046875
40.34957504272461
27.418853759765625
34.91319274902344
39.34442138671875
39.75914764404297
42.430458068847656
35.154876708984375
37.715614318847656
35.10268020629883
40.53255081176758
35.21515655517578
32.65009689331055
26.933609008789062
29.582733154296875
46.43665313720703
40.15815353393555
35.63726043701172
40.166656494140625
32.52570724487305
33.32479476928711
37.02176284790039
32.33259582519531
34.157474517822266
31.058923721313477
27.14287567138672
29.72301483154297
33.733543395996094
41.64493942260742
29.94833755493164
32.440608978271484
38.097190856933594
34.4283332824707
35.223297119140625
38.9185676574707
36.50815200805664
31.88204002380371
28.379167556762695
42.251220703125
42.759521484375
27.984203338623047
84.59810638427734
30.787975311279297
30.242624282836914
26.549219131469727
29.94904327392578
33.73576354980469
25.343685150146484
32.517669677734375
29.683635711669922
32.669673919677734
23.327726364135742
32.6973991394043
40.25779342651367
31.109317779541016
29.06009864807129
34.55726623535156
28.836740493774414
26.72024917602539
27.206771850585938
31.598007202148438
32.69670867919922
27.602458953857422
24.049686431884766
28.372095108032227
28.69582748413086
24.296573638916016
25.555465698242188
23.603435516357422
18.191070556640625
24.539236068725586
21.622852325439453
30.676944732666016
31.64061737060547
34.030189514160156
23.62606430053711
52.48357391357422
45.18751525878906
44.42186737060547
35.2820930480957
32.463844299316406
38.45735549926758
37.695655822753906
34.44135284423828
32.37413787841797
41.77909469604492
36.706626892089844
42.44438171386719
31.69302749633789
37.802513122558594
39.794586181640625
36.599403381347656
37.91248321533203
24.5517578125
36.670997619628906
33.67344665527344
28.990324020385742
32.5742073059082
43.26216125488281
41.05027770996094
56.34439468383789
30.755300521850586
29.326229095458984
26.81576156616211
33.4441032409668
30.4339542388916
34.2199821472168
32.5982666015625
33.072208404541016
33.480899810791016
26.3852481842041
22.034770965576172
37.51741409301758
38.21861267089844
26.363527297973633
25.472328186035156
28.29400634765625
36.04535675048828
34.880531311035156
30.866287231445312
28.58771514892578
30.72280502319336
25.866703033447266
36.50059509277344
33.509788513183594
32.70793151855469
36.38209915161133
26.85196876525879
52.34002685546875
48.26487731933594
44.16485595703125
29.209732055664062
19.442588806152344
33.689735412597656
28.64255142211914
32.649658203125
37.54596710205078
107.15853881835938
32.80638122558594
42.23756408691406
26.578330993652344
35.72193145751953
26.03835678100586
31.02972412109375
35.544403076171875
22.651622772216797
43.50967025756836
47.489227294921875
33.92164611816406
32.79431915283203
29.909879684448242
39.932464599609375
26.044153213500977
24.69993019104004
36.26716613769531
38.7237434387207
32.32440948486328
31.615367889404297
30.010181427001953
26.783283233642578
28.536352157592773
58.78340148925781
44.384613037109375
30.65854263305664
30.25384521484375
23.524742126464844
34.45481872558594
44.012908935546875
20.276020050048828
31.55589485168457
24.472858428955078
24.849437713623047
152.5093536376953
42.16444396972656
24.690387725830078
