182.64194444444445
150.82527777777779
112.14
166.76
96.40694444444445
230.09222222222223
179.0872222222222
195.68027777777777
206.28444444444443
302.63416666666666
275.345
133.45194444444445
107.33305555555556
120.91888888888889
235.19027777777777
197.62916666666666
146.96194444444444
139.17916666666667
140.58833333333334
173.90916666666666
107.2775
367.15694444444443
152.23055555555555
83.10722222222222
87.33027777777778
188.68194444444444
140.5847222222222
76.91444444444444
119.97694444444444
123.42083333333333
85.60805555555555
140.81333333333333
137.62527777777777
143.76944444444445
221.87416666666667
126.46972222222222
172.0102777777778
185.33277777777778
195.4911111111111
102.96166666666667
114.32111111111111
147.98416666666665
120.37472222222222
123.19777777777777
106.68222222222222
88.9636111111111
124.39361111111111
102.84944444444444
147.78027777777777
88.44361111111111
137.01388888888889
153.41444444444446
126.22972222222222
114.78222222222222
88.39027777777778
99.4775
80.85916666666667
112.68416666666667
136.81055555555557
110.32
81.85472222222222
152.81972222222223
77.3125
105.63083333333333
123.40861111111111
100.94944444444444
133.4038888888889
71.76833333333333
118.2136111111111
79.29027777777777
67.89472222222223
85.88055555555556
131.77194444444444
188.25666666666666
123.52361111111111
113.26583333333333
97.51972222222223
143.92444444444445
59.65638888888889
69.57027777777778
95.13861111111112
79.26638888888888
81.88583333333334
109.66
76.9175
88.17444444444445
90.78888888888889
104.92388888888888
114.66666666666667
76.05111111111111
82.46916666666667
89.93472222222222
115.3025
69.51305555555555
116.50027777777778
94.83972222222222
128.41194444444446
111.72694444444444
115.63111111111111
63.39388888888889
89.68833333333333
80.21944444444445
63.01972222222222
97.4025
158.72333333333333
68.65944444444445
164.2447222222222
98.11611111111111
135.32555555555555
89.66972222222222
62.15
74.59833333333333
66.19166666666666
81.19944444444444
55.26277777777778
100.91333333333333
68.75416666666666
144.29416666666665
68.39138888888888
50.4775
76.81666666666666
73.36638888888889
104.63444444444444
215.00444444444443
107.28416666666666
78.61694444444444
91.2925
77.65944444444445
99.58027777777778
61.91388888888889
94.27416666666667
63.06777777777778
100.17
53.98972222222222
79.88166666666666
62.40027777777778
76.40194444444444
75.15027777777777
78.68388888888889
115.725
67.32
97.325
88.1125
78.04138888888889
76.89222222222222
79.49444444444444
64.70194444444445
68.12833333333333
63.58
43.33888888888889
65.54583333333333
95.24527777777777
65.49305555555556
75.38472222222222
88.2525
72.70833333333333
62.85583333333334
81.05666666666667
104.89777777777778
152.5836111111111
65.06138888888889
64.67888888888889
50.227777777777774
79.53805555555556
80.18805555555555
60.47472222222222
55.70611111111111
53.166111111111114
111.20222222222222
71.71138888888889
141.48111111111112
68.14
63.948055555555555
56.04555555555555
83.93611111111112
180.15166666666667
70.4088888888889
55.42527777777778
69.83222222222223
67.62277777777778
58.57944444444445
132.23444444444445
145.25166666666667
54.92916666666667
60.943333333333335
58.98222222222222
97.39222222222222
51.20611111111111
47.51555555555556
50.41222222222222
63.102777777777774
50.07388888888889
48.264722222222225
49.55694444444445
80.63305555555556
75.98333333333333
81.98
60.73888888888889
51.821666666666665
52.141666666666666
84.34444444444445
90.95305555555555
73.22222222222223
47.87861111111111
44.06305555555556
72.59833333333333
73.5325
50.404444444444444
98.68527777777778
53.81027777777778
57.49055555555555
48.96194444444444
77.53777777777778
74.35833333333333
70.6025
64.35083333333333
49.391666666666666
100.565
100.45083333333334
48.76916666666666
68.65833333333333
49.714166666666664
63.96722222222222
45.79694444444444
58.15361111111111
82.86166666666666
41.83777777777778
60.465833333333336
70.68472222222222
44.44138888888889
66.21833333333333
82.49416666666667
67.86444444444444
86.03361111111111
69.23472222222222
42.564166666666665
54.60666666666667
131.95305555555555
59.98416666666667
50.696666666666665
88.86527777777778
55.77583333333333
66.27833333333334
61.40611111111111
50.6
50.13944444444444
82.17888888888889
88.08277777777778
49.68194444444445
77.7875
49.975833333333334
46.36277777777778
41.41972222222222
41.215
59.13472222222222
35.96
33.47611111111111
29.433333333333334
56.6975
39.326388888888886
43.868611111111115
48.14055555555556
49.475
53.30222222222222
88.32777777777778
61.31361111111111
46.096111111111114
66.95111111111112
39.22472222222222
36.44222222222222
52.32861111111111
45.57138888888889
52.32861111111111
41.44444444444444
58.61888888888889
32.41027777777778
41.798611111111114
50.840833333333336
43.339444444444446
76.04861111111111
148.09333333333333
52.87555555555556
59.84388888888889
75.15555555555555
34.00138888888889
41.76555555555556
57.09166666666667
50.56666666666667
66.90027777777777
96.42138888888888
34.08444444444444
51.089166666666664
42.50277777777778
68.27555555555556
59.91416666666667
46.155277777777776
151.8525
93.405
40.95916666666667
35.62138888888889
65.33833333333334
41.73638888888889
35.21527777777778
73.99972222222222
55.41833333333334
43.223333333333336
39.69916666666666
47.564166666666665
61.354166666666664
35.42666666666667
53.73416666666667
41.9875
62.31361111111111
39.21722222222222
36.809444444444445
34.44777777777778
37.477222222222224
33.27527777777778
45.695277777777775
49.590833333333336
44.12972222222222
44.095555555555556
33.445277777777775
34.821666666666665
33.477777777777774
60.410833333333336
49.687222222222225
43.68388888888889
60.53666666666667
48.583888888888886
29.64
34.07277777777778
37.77388888888889
35.31388888888889
32.96222222222222
42.54972222222222
29.534444444444443
44.270833333333336
34.356944444444444
37.91638888888889
47.73027777777778
41.03611111111111
36.56805555555555
34.833333333333336
32.50833333333333
36.52194444444444
34.18138888888889
35.900555555555556
60.164722222222224
50.84305555555556
49.9725
30.789166666666667
31.274444444444445
69.56416666666667
39.01694444444445
39.475
39.969166666666666
38.9275
36.33083333333333
47.17638888888889
36.980555555555554
31.523055555555555
30.671944444444446
35.423611111111114
49.318333333333335
38.378055555555555
44.11555555555555
33.93
47.68
32.62777777777778
35.61388888888889
97.43166666666667
26.645555555555557
27.718888888888888
34.10944444444444
58.39083333333333
26.878611111111113
38.69611111111111
44.35194444444444
45.34527777777778
54.34166666666667
70.28666666666666
23.62361111111111
27.825277777777778
34.000277777777775
49.579166666666666
34.19222222222222
33.42916666666667
26.124166666666667
29.829444444444444
27.950277777777778
55.61666666666667
35.719722222222224
48.86333333333334
24.69972222222222
47.382222222222225
37.833333333333336
33.422777777777775
30.16027777777778
39.60527777777778
71.7238888888889
31.057222222222222
47.56444444444445
28.627222222222223
63.80388888888889
39.62722222222222
32.340833333333336
21.815833333333334
26.179166666666667
42.62916666666667
26.16722222222222
35.918055555555554
64.1425
32.280833333333334
33.645833333333336
23.891111111111112
86.82944444444445
43.08555555555556
25.50722222222222
56.61527777777778
47.724444444444444
45.419444444444444
39.466944444444444
25.89027777777778
23.557222222222222
31.657777777777778
32.035833333333336
28.894166666666667
26.348333333333333
40.16638888888889
24.760555555555555
33.08166666666666
45.658055555555556
54.653333333333336
51.05888888888889
42.76
27.294166666666666
28.336666666666666
26.801666666666666
28.433888888888887
23.255555555555556
28.483055555555556
26.745555555555555
26.559444444444445
32.30416666666667
59.367222222222225
23.683611111111112
33.977777777777774
44.88305555555556
62.714444444444446
79.09472222222222
27.944444444444443
31.973055555555554
24.22222222222222
25.669166666666666
27.128333333333334
36.04944444444445
25.407777777777778
36.181666666666665
32.63805555555555
28.69388888888889
20.708055555555557
32.260555555555555
39.01583333333333
24.809166666666666
24.6075
29.858888888888888
55.27166666666667
29.170277777777777
26.500555555555554
30.12638888888889
32.668055555555554
46.028888888888886
26.735277777777778
26.398611111111112
21.461666666666666
23.410555555555554
24.483333333333334
24.929166666666667
35.615
46.87583333333333
52.72083333333333
42.672222222222224
32.04138888888889
27.95861111111111
22.912777777777777
22.87361111111111
23.6525
29.253055555555555
27.325
24.0025
30.63722222222222
21.786666666666665
28.218888888888888
30.003611111111113
34.558055555555555
34.41916666666667
28.572777777777777
55.92666666666667
24.482222222222223
