1.2730555555555556
1.2969444444444445
1.0319444444444446
1.2627777777777778
0.9397222222222222
1.7475
1.3291666666666666
1.4402777777777778
1.5555555555555556
1.9491666666666667
1.7005555555555556
1.2438888888888888
0.9883333333333333
1.0594444444444444
1.6969444444444444
1.4775
1.1330555555555555
1.1944444444444444
1.1608333333333334
1.2369444444444444
0.985
2.004166666666667
1.2872222222222223
0.8686111111111111
0.8308333333333333
1.2016666666666667
1.128611111111111
0.745
1.0686111111111112
1.085
0.8030555555555555
1.1011111111111112
1.1719444444444445
1.1527777777777777
1.3944444444444444
1.0291666666666666
1.3880555555555556
1.148611111111111
1.4741666666666666
0.9772222222222222
1.0044444444444445
1.1413888888888888
1.0333333333333334
1.051388888888889
0.9519444444444445
0.8566666666666667
0.9252777777777778
0.8952777777777777
1.2433333333333334
0.8569444444444444
1.0891666666666666
1.2116666666666667
1.015
1.0072222222222222
0.8294444444444444
0.8752777777777778
0.8008333333333333
1.0380555555555555
0.9466666666666667
0.9286111111111112
0.7597222222222222
1.146388888888889
0.7886111111111112
0.88
1.0547222222222221
0.9625
1.1272222222222221
0.7411111111111112
1.0544444444444445
0.7769444444444444
0.6616666666666666
0.835
1.0797222222222222
1.1022222222222222
0.9547222222222222
0.9675
0.7852777777777777
1.2072222222222222
0.6161111111111112
0.7205555555555555
0.8808333333333334
0.7622222222222222
0.7486111111111111
0.9847222222222223
0.7336111111111111
0.8175
0.8677777777777778
0.9452777777777778
0.9113888888888889
0.7427777777777778
0.7444444444444445
0.8077777777777778
0.8175
0.6863888888888889
0.8644444444444445
0.8241666666666667
1.008888888888889
0.955
1.0030555555555556
0.6313888888888889
0.8480555555555556
0.7936111111111112
0.6452777777777777
0.8541666666666666
0.9202777777777778
0.6708333333333333
1.1047222222222222
0.8736111111111111
1.0925
0.7413888888888889
0.6269444444444444
0.7091666666666666
0.6505555555555556
0.7169444444444445
0.5808333333333333
0.8197222222222222
0.6555555555555556
1.0516666666666667
0.7019444444444445
0.5194444444444445
0.7344444444444445
0.6722222222222223
0.8513888888888889
1.0044444444444445
0.8352777777777778
0.7127777777777777
0.7494444444444445
0.6433333333333333
0.8177777777777778
0.6011111111111112
0.745
0.6266666666666667
0.8794444444444445
0.5863888888888888
0.7313888888888889
0.6111111111111112
0.7702777777777777
0.6833333333333333
0.7530555555555556
0.9097222222222222
0.6752777777777778
0.7786111111111111
0.7672222222222222
0.7491666666666666
0.6888888888888889
0.7105555555555556
0.6355555555555555
0.6769444444444445
0.6058333333333333
0.47333333333333333
0.6691666666666667
0.8130555555555555
0.6452777777777777
0.6788888888888889
0.6977777777777778
0.6419444444444444
0.6011111111111112
0.6722222222222223
0.9169444444444445
0.9841666666666666
0.6333333333333333
0.6575
0.5122222222222222
0.6997222222222222
0.6730555555555555
0.5922222222222222
0.5697222222222222
0.5836111111111111
0.7747222222222222
0.6152777777777778
0.8905555555555555
0.5569444444444445
0.5769444444444445
0.6022222222222222
0.7730555555555556
0.92
0.6330555555555556
0.5675
0.5861111111111111
0.5888888888888889
0.5688888888888889
0.8858333333333334
0.8975
0.5508333333333333
0.5713888888888888
0.5947222222222223
0.7208333333333333
0.535
0.48527777777777775
0.5319444444444444
0.5716666666666667
0.4975
0.49694444444444447
0.5158333333333334
0.6911111111111111
0.6902777777777778
0.7330555555555556
0.5777777777777777
0.5136111111111111
0.5447222222222222
0.6283333333333333
0.7525
0.665
0.4633333333333333
0.4425
0.6602777777777777
0.6397222222222222
0.5086111111111111
0.7061111111111111
0.5269444444444444
0.5722222222222222
0.5044444444444445
0.6094444444444445
0.6941666666666667
0.5941666666666666
0.565
0.5277777777777778
0.7252777777777778
0.6902777777777778
0.5069444444444444
0.5961111111111111
0.505
0.5936111111111111
0.4963888888888889
0.5677777777777778
0.6544444444444445
0.4502777777777778
0.5433333333333333
0.5725
0.4775
0.6052777777777778
0.6147222222222222
0.6105555555555555
0.655
0.5880555555555556
0.4525
0.5072222222222222
0.7838888888888889
0.5666666666666667
0.5013888888888889
0.6275
0.5469444444444445
0.5975
0.5191666666666667
0.5219444444444444
0.4905555555555556
0.6841666666666667
0.6761111111111111
0.5188888888888888
0.6111111111111112
0.4986111111111111
0.4841666666666667
0.445
0.45611111111111113
0.5588888888888889
0.42388888888888887
0.38222222222222224
0.3427777777777778
0.5255555555555556
0.4161111111111111
0.44555555555555554
0.49194444444444446
0.48305555555555557
0.5022222222222222
0.6605555555555556
0.5666666666666667
0.4688888888888889
0.5719444444444445
0.4325
0.3894444444444444
0.5241666666666667
0.4711111111111111
0.5155555555555555
0.43277777777777776
0.5477777777777778
0.3675
0.4413888888888889
0.49027777777777776
0.4286111111111111
0.6302777777777778
0.7383333333333333
0.49833333333333335
0.5138888888888888
0.61
0.3858333333333333
0.4363888888888889
0.5305555555555556
0.45861111111111114
0.52
0.6738888888888889
0.36694444444444446
0.47055555555555556
0.4486111111111111
0.5627777777777778
0.5155555555555555
0.46416666666666667
0.8975
0.7080555555555555
0.4172222222222222
0.37972222222222224
0.5497222222222222
0.4486111111111111
0.3811111111111111
0.5713888888888888
0.5105555555555555
0.44222222222222224
0.4011111111111111
0.4577777777777778
0.5191666666666667
0.37416666666666665
0.4930555555555556
0.4533333333333333
0.5136111111111111
0.41944444444444445
0.38861111111111113
0.37027777777777776
0.4008333333333333
0.3655555555555556
0.43083333333333335
0.47833333333333333
0.4336111111111111
0.4325
0.3586111111111111
0.36444444444444446
0.36916666666666664
0.5452777777777778
0.47638888888888886
0.43277777777777776
0.5197222222222222
0.47444444444444445
0.3277777777777778
0.36194444444444446
0.4036111111111111
0.38305555555555554
0.36833333333333335
0.4311111111111111
0.33555555555555555
0.4444444444444444
0.3630555555555556
0.4127777777777778
0.4636111111111111
0.4286111111111111
0.3844444444444444
0.36027777777777775
0.3461111111111111
0.38472222222222224
0.3638888888888889
0.3938888888888889
0.5230555555555556
0.4663888888888889
0.46305555555555555
0.33166666666666667
0.34805555555555556
0.5513888888888889
0.40444444444444444
0.4152777777777778
0.41388888888888886
0.37583333333333335
0.39666666666666667
0.4647222222222222
0.3861111111111111
0.3383333333333333
0.34194444444444444
0.3888888888888889
0.46805555555555556
0.4033333333333333
0.43555555555555553
0.3638888888888889
0.485
0.3383333333333333
0.365
0.7122222222222222
0.3111111111111111
0.3047222222222222
0.3566666666666667
0.5147222222222222
0.30444444444444446
0.39111111111111113
0.4211111111111111
0.40805555555555556
0.5036111111111111
0.5588888888888889
0.2788888888888889
0.30583333333333335
0.3611111111111111
0.4691666666666667
0.36083333333333334
0.3433333333333333
0.3075
0.3236111111111111
0.30666666666666664
0.49083333333333334
0.3397222222222222
0.41555555555555557
0.27194444444444443
0.42277777777777775
0.38416666666666666
0.32944444444444443
0.3277777777777778
0.39805555555555555
0.5563888888888889
0.3347222222222222
0.4413888888888889
0.3113888888888889
0.5280555555555555
0.4066666666666667
0.3447222222222222
0.2633333333333333
0.3025
0.38222222222222224
0.2877777777777778
0.36083333333333334
0.4588888888888889
0.34555555555555556
0.3561111111111111
0.2675
0.5752777777777778
0.4088888888888889
0.27555555555555555
0.4527777777777778
0.42583333333333334
0.4261111111111111
0.3861111111111111
0.2802777777777778
0.27166666666666667
0.32416666666666666
0.33944444444444444
0.31805555555555554
0.28583333333333333
0.38027777777777777
0.27555555555555555
0.3472222222222222
0.4280555555555556
0.4652777777777778
0.4613888888888889
0.4263888888888889
0.30694444444444446
0.3111111111111111
0.29305555555555557
0.3038888888888889
0.2733333333333333
0.32
0.29583333333333334
0.2891666666666667
0.3511111111111111
0.45055555555555554
0.2775
0.34805555555555556
0.39166666666666666
0.4897222222222222
0.5261111111111111
0.2966666666666667
0.33666666666666667
0.26
0.2866666666666667
0.30083333333333334
0.3616666666666667
0.28444444444444444
0.36944444444444446
0.3322222222222222
0.29555555555555557
0.24388888888888888
0.3438888888888889
0.37777777777777777
0.2683333333333333
0.2772222222222222
0.3258333333333333
0.4486111111111111
0.28805555555555556
0.28833333333333333
0.31555555555555553
0.3258333333333333
0.4091666666666667
0.29055555555555557
0.2861111111111111
0.24861111111111112
0.25972222222222224
0.2822222222222222
0.2816666666666667
0.3475
0.4066666666666667
0.45222222222222225
0.3947222222222222
0.3136111111111111
0.2925
0.2586111111111111
0.2627777777777778
0.2738888888888889
0.315
0.2902777777777778
0.26916666666666667
0.3244444444444444
0.2536111111111111
0.305
0.315
0.3422222222222222
0.3377777777777778
0.30583333333333335
0.43972222222222224
0.26666666666666666
