171.14194444444445
233.1875
178.79361111111112
184.97916666666666
135.97944444444445
197.7538888888889
304.7125
217.7927777777778
183.92638888888888
347.3305555555556
245.33138888888888
215.85111111111112
722.3663888888889
458.665
151.6313888888889
307.5061111111111
179.53555555555556
147.8202777777778
330.1713888888889
240.23555555555555
635.4811111111111
218.09694444444443
116.03305555555555
189.8527777777778
158.21305555555554
251.09555555555556
246.2111111111111
267.0763888888889
226.59694444444443
457.5936111111111
439.3511111111111
707.9675
272.7891666666667
204.78833333333333
345.4913888888889
309.8930555555556
652.7455555555556
558.33
368.4025
269.2188888888889
359.94388888888886
156.615
191.435
157.8388888888889
177.14444444444445
383.1452777777778
368.8611111111111
420.8675
381.7602777777778
428.96444444444444
