<<<<<<< HEAD
0.3304596543312073
0.4416450262069702
0.23533965647220612
0.1986199915409088
0.1306997537612915
0.21105289459228516
0.32391291856765747
0.3020256459712982
0.14935041964054108
0.18671990931034088
0.23577940464019775
0.3096531331539154
0.24029392004013062
1.0106642246246338
0.11583017557859421
0.1518450379371643
0.17289265990257263
0.16444383561611176
0.3073582351207733
0.2838634252548218
0.3391091823577881
0.3975614309310913
0.17230141162872314
0.10366223007440567
0.09687802940607071
0.10966776311397552
0.14944475889205933
0.16445282101631165
0.22087782621383667
0.15196289122104645
0.20702800154685974
0.5103803873062134
0.2925051748752594
0.0809442400932312
0.1238584965467453
0.34092530608177185
0.3980979025363922
0.28818953037261963
0.1880415678024292
0.19927798211574554
0.14690423011779785
0.1605912744998932
0.09020943939685822
0.08233115077018738
0.1405559927225113
0.1565457433462143
0.2947709560394287
0.24338555335998535
0.19598200917243958
0.18188971281051636
=======
0.3304596543312073
0.4416450262069702
0.23533965647220612
0.1986199915409088
0.1306997537612915
0.21105289459228516
0.32391291856765747
0.3020256459712982
0.14935041964054108
0.18671990931034088
0.23577940464019775
0.3096531331539154
0.24029392004013062
1.0106642246246338
0.11583017557859421
0.1518450379371643
0.17289265990257263
0.16444383561611176
0.3073582351207733
0.2838634252548218
0.3391091823577881
0.3975614309310913
0.17230141162872314
0.10366223007440567
0.09687802940607071
0.10966776311397552
0.14944475889205933
0.16445282101631165
0.22087782621383667
0.15196289122104645
0.20702800154685974
0.5103803873062134
0.2925051748752594
0.0809442400932312
0.1238584965467453
0.34092530608177185
0.3980979025363922
0.28818953037261963
0.1880415678024292
0.19927798211574554
0.14690423011779785
0.1605912744998932
0.09020943939685822
0.08233115077018738
0.1405559927225113
0.1565457433462143
0.2947709560394287
0.24338555335998535
0.19598200917243958
0.18188971281051636
>>>>>>> cb1e94a10e9c4992603fb88aa897aec9327d2009
