<<<<<<< HEAD
2.1213888888888888
2.4097222222222223
2.2894444444444444
2.3233333333333333
1.7802777777777778
2.3641666666666667
3.069166666666667
2.3019444444444446
2.2258333333333336
3.0855555555555556
2.4705555555555554
2.2358333333333333
5.294722222222222
3.4830555555555556
1.833888888888889
2.986111111111111
1.9008333333333334
1.8105555555555555
3.5569444444444445
2.519722222222222
4.6738888888888885
2.0502777777777776
1.4625
1.9280555555555556
1.846111111111111
2.4852777777777777
2.423611111111111
2.435
2.456111111111111
3.801111111111111
3.959722222222222
3.6463888888888887
2.803888888888889
2.3533333333333335
3.076388888888889
2.468611111111111
4.678888888888889
4.118055555555555
3.241111111111111
2.538611111111111
2.812222222222222
1.5833333333333333
1.8177777777777777
1.4997222222222222
1.5802777777777777
2.362222222222222
2.8755555555555556
2.9186111111111113
2.638888888888889
3.3133333333333335
=======
2.1213888888888888
2.4097222222222223
2.2894444444444444
2.3233333333333333
1.7802777777777778
2.3641666666666667
3.069166666666667
2.3019444444444446
2.2258333333333336
3.0855555555555556
2.4705555555555554
2.2358333333333333
5.294722222222222
3.4830555555555556
1.833888888888889
2.986111111111111
1.9008333333333334
1.8105555555555555
3.5569444444444445
2.519722222222222
4.6738888888888885
2.0502777777777776
1.4625
1.9280555555555556
1.846111111111111
2.4852777777777777
2.423611111111111
2.435
2.456111111111111
3.801111111111111
3.959722222222222
3.6463888888888887
2.803888888888889
2.3533333333333335
3.076388888888889
2.468611111111111
4.678888888888889
4.118055555555555
3.241111111111111
2.538611111111111
2.812222222222222
1.5833333333333333
1.8177777777777777
1.4997222222222222
1.5802777777777777
2.362222222222222
2.8755555555555556
2.9186111111111113
2.638888888888889
3.3133333333333335
>>>>>>> cb1e94a10e9c4992603fb88aa897aec9327d2009
