42597
43244
50568
27615
57043
39862
35207
39368
35022
40809
37784
36124
35957
57086
62772
40052
36776
35506
38186
35510
49027
36687
33981
30584
53672
47968
37901
37262
41683
32627
46917
33079
41233
39670
69863
44222
29360
36441
31346
40803
33773
38647
37225
40243
25236
59451
36058
34043
26533
44336
43575
39580
37598
34971
46857
44377
37561
28015
24830
29190
24318
38018
34020
42802
42834
40941
42694
30042
25752
31269
38584
27817
41076
41996
38234
27369
36122
37363
31424
31358
34366
34810
36214
37713
32384
41762
51321
53564
44647
39409
36072
31570
31974
29371
25241
29578
46051
42118
31772
33009
40453
43021
34885
39665
32379
29345
59919
33091
41110
33450
45983
37670
30143
29391
20482
40054
64589
36807
28262
29361
40348
27742
35076
35171
31612
31426
41851
40291
37897
29105
27219
23702
52773
24907
41994
44780
41198
33878
28486
40818
32219
41907
23076
35370
38426
39433
35633
33280
79625
20167
32355
46598
59316
35684
42233
28489
37209
28705
35468
54205
28221
25248
22047
38922
27613
46560
35367
28504
40747
30630
38254
37037
23774
28550
35113
35523
37566
30188
26154
44299
25642
45432
37928
34353
42282
30204
41825
32372
44187
35316
34453
31504
28111
27405
45960
25900
35248
43648
56611
22387
39320
50131
62158
27074
23368
33495
35186
45214
52125
36763
54040
27034
35514
34790
31050
30685
34070
45896
35584
42185
54455
35954
34478
33517
25719
34813
40638
33877
44552
37370
60952
42940
37048
35266
30352
32587
26996
35927
34683
40401
43486
40020
35172
40128
37160
49663
41326
41215
30471
33419
29603
27858
27767
32623
29766
28567
21096
27586
39257
32980
30558
28770
28561
41580
40628
28787
32564
25670
25060
34074
31591
36823
33981
26142
26041
29268
37160
35975
22040
39762
31733
34338
40255
33774
20402
28963
28632
25691
28674
28550
24657
26054
25361
31766
31784
44373
37315
26293
24507
34213
45206
27609
39129
30787
28513
32444
29329
36699
32708
33248
37022
40445
47884
33186
34199
27897
32163
36653
34718
51538
38689
44380
36918
36815
32506
30812
47030
41110
32731
44279
42969
31621
35417
35950
23959
30346
23970
26269
32353
33774
31812
37111
35576
31201
24581
30561
32254
35599
50194
44042
49449
55913
40818
35582
29380
25870
36087
33847
55356
43801
42918
48675
34930
36973
32390
33033
30701
33571
40442
29356
36573
42887
26612
29215
33418
40113
24989
27292
20897
24644
27709
34213
22658
25849
25970
30609
24554
22366
19971
22406
22646
28879
27604
29860
24691
27380
22045
24754
20857
23777
30206
23546
31056
24498
31822
30544
30563
23956
36805
46006
45557
44280
68967
52603
51204
47838
26055
41483
42910
68373
53091
62476
65018
53122
99967
42403
22576
32456
43561
59975
50788
78750
67613
57416
55651
43901
28272
42326
49216
63075
81361
41714
59686
37971
68420
46089
42532
50471
55966
51678
50440
50068
45709
45868
38214
30472
34441
33852
37258
48158
37346
32611
46135
44827
24921
23183
38137
40444
53464
40082
45105
34007
53645
50079
35898
35665
23843
40693
42472
45753
31649
39088
60921
35472
39238
52551
48593
37633
29264
45213
52369
41356
76384
47235
65003
41130
52223
47194
49153
46020
32745
28756
25772
28176
48961
53451
59217
63379
31904
37173
28617
30352
38990
65555
61106
43733
42024
27594
23447
32240
36363
55824
39538
34497
51609
45296
36788
32579
25006
36173
61269
54568
81032
58504
36797
37500
34850
25284
38506
67364
75572
65514
64885
40919
37398
29904
28071
29567
43616
60659
54701
57204
60068
53684
38176
26292
29167
38977
48686
48854
42896
51656
45954
53270
27908
37534
30608
19893
23736
29968
38051
52497
39587
35918
32732
32933
35677
24115
21723
44477
36759
33494
32848
28782
25194
25474
24902
33241
37742
40587
39831
51054
56367
37070
36128
43298
30590
30990
20482
30954
30768
34497
24284
31751
26226
26356
28101
22796
21272
38693
48309
56704
46011
54244
39413
36171
32036
32881
32754
36689
30029
30782
53915
46094
51058
43396
29682
36010
32616
28241
41051
40172
32963
40866
21446
18217
21121
23083
36101
40084
40839
53611
53029
30867
27898
26977
32658
32275
33530
34054
44014
67395
42906
71000
24043
33782
29362
26791
23707
46282
40796
50924
60754
58739
38907
35603
32899
49039
27841
45021
26871
38498
55658
47466
48029
44848
54801
37247
28516
36543
44946
40386
38238
41932
39617
48211
35766
39227
34195
19841
22667
28535
34069
33450
42992
46867
37748
52617
34122
26378
28901
37094
39470
34208
25136
28979
61416
52749
62734
70740
82502
77794
64963
44934
37496
36818
53422
78175
92778
88113
90008
43040
63362
74269
104815
120734
51224
51629
57329
72024
132646
71475
52075
110281
90631
61595
53472
64918
80746
65356
69104
106202
57532
50702
37523
110887
68980
92931
79892
69829
47747
52395
80800
104539
154562
110395
121989
139919
113913
91113
78186
84510
58589
36661
25094
28252
65741
137400
83392
46391
61211
106004
145332
61875
96282
64980
109904
66342
75153
61694
50874
66861
51998
50576
44977
46313
46367
46831
45712
36350
89446
32150
37703
33197
33327
36411
29797
48074
30191
40267
22684
20393
20056
26317
31305
43241
41999
38215
44213
33104
32059
25675
25223
16914
25298
27126
30580
26744
27060
20853
23341
24774
24856
25454
29429
35793
44775
40884
39475
29525
26498
27373
18316
22923
24918
21008
26241
31961
27232
29386
23606
23309
27158
24215
17959
20091
19883
18693
19057
17940
17270
16515
22899
19157
24111
22721
19146
16847
23768
21174
21423
21366
25087
22435
19190
19303
23123
21749
18283
25747
21153
19204
28157
29530
30143
21174
19371
17282
15959
23365
19208
20268
17559
19623
21526
28737
35718
37354
35808
39681
44375
34583
35353
35141
29243
27949
29547
39887
40713
34493
29916
26180
21449
18626
23631
35110
36457
45924
48655
55979
45293
43314
64504
49505
42633
41149
29353
20670
23091
37341
48122
53530
56106
60821
55269
47795
39480
31140
25424
25984
33489
34726
43612
40714
41130
28613
24389
24248
33032
36275
32177
20858
18729
26557
31001
29915
27885
31892
29062
33829
30161
27158
32441
35431
34573
31525
33318
36578
46979
41369
41579
35829
39837
43551
46161
39029
27307
21071
22522
23394
31539
24166
23120
32995
23817
29967
28513
29383
25936
25663
25891
30590
48052
37033
37837
33574
29941
33697
44575
39035
28231
19795
31626
31429
39143
42463
39905
36216
26557
31814
