34.749664306640625
27.606422424316406
28.335643768310547
19.424161911010742
22.155784606933594
25.842451095581055
25.795047760009766
22.224468231201172
14.58266830444336
16.768108367919922
18.911022186279297
8.266340255737305
15.729884147644043
19.448246002197266
45.726985931396484
18.35724449157715
27.62675666809082
12.982667922973633
22.247114181518555
19.701860427856445
23.09453010559082
20.603660583496094
20.073368072509766
14.977275848388672
49.35839080810547
52.9564323425293
19.743629455566406
10.956107139587402
21.757835388183594
16.4177303314209
13.854453086853027
23.965354919433594
13.655136108398438
22.05779266357422
16.007709503173828
19.12740707397461
24.706954956054688
15.10842514038086
12.276856422424316
21.899120330810547
13.516209602355957
14.323336601257324
19.306682586669922
20.283096313476562
27.050609588623047
19.79522132873535
14.210372924804688
15.033241271972656
19.446388244628906
23.368118286132812
16.523088455200195
18.59278106689453
11.371707916259766
14.107626914978027
15.412670135498047
17.885820388793945
13.974634170532227
15.549437522888184
16.835206985473633
12.693025588989258
14.72007942199707
11.487052917480469
5.803383827209473
23.014381408691406
21.230785369873047
17.660858154296875
24.276636123657227
17.67451286315918
10.719620704650879
24.755271911621094
15.546268463134766
11.407047271728516
14.994852066040039
21.095565795898438
10.13368034362793
17.609867095947266
16.39397621154785
21.108177185058594
18.044918060302734
11.293405532836914
15.621641159057617
20.753650665283203
19.42026138305664
29.935489654541016
3.963467597961426
16.135889053344727
17.39444923400879
25.887744903564453
7.528340816497803
13.444011688232422
10.872268676757812
14.745484352111816
18.710769653320312
12.468975067138672
17.167360305786133
16.896535873413086
16.61334228515625
14.927438735961914
15.078228950500488
9.044244766235352
19.47687530517578
31.413345336914062
32.793121337890625
17.939664840698242
15.536231994628906
21.281658172607422
16.052562713623047
23.544330596923828
18.063720703125
10.929000854492188
12.3277587890625
20.47069549560547
11.068816184997559
11.158315658569336
13.230695724487305
16.31482696533203
52.60479736328125
54.72888946533203
27.051067352294922
9.512250900268555
19.387832641601562
26.95870018005371
8.981070518493652
29.901803970336914
8.608837127685547
16.070636749267578
16.648006439208984
19.90700340270996
17.80953598022461
14.050498962402344
18.572998046875
14.873019218444824
18.9348201751709
16.59308433532715
14.259199142456055
12.84111213684082
10.48686408996582
13.269627571105957
9.879034996032715
15.098655700683594
16.672401428222656
25.250459671020508
10.151676177978516
20.671443939208984
10.959236145019531
16.7825870513916
5.291561603546143
16.37904167175293
11.278898239135742
14.22758674621582
12.525009155273438
21.832725524902344
6.539131164550781
25.737018585205078
15.113617897033691
12.597217559814453
15.885395050048828
10.694987297058105
19.65895652770996
18.735708236694336
16.194717407226562
10.611745834350586
20.222991943359375
14.125954627990723
23.187198638916016
20.257579803466797
49.38755416870117
14.947225570678711
12.114141464233398
8.358306884765625
10.205236434936523
19.508872985839844
12.434880256652832
9.906304359436035
6.767655849456787
12.641573905944824
8.958487510681152
7.476647853851318
16.703643798828125
19.492706298828125
19.894466400146484
14.4930419921875
12.243738174438477
5.610172748565674
11.63148307800293
17.762256622314453
15.846796035766602
10.730289459228516
32.155601501464844
4.730526924133301
10.036258697509766
11.76919937133789
5.831403732299805
10.589706420898438
15.785982131958008
15.360298156738281
15.89263916015625
15.386943817138672
13.472173690795898
25.021591186523438
13.413350105285645
29.093215942382812
56.47129821777344
28.951461791992188
23.548458099365234
22.45935821533203
16.324481964111328
17.933177947998047
17.206268310546875
26.258262634277344
16.710208892822266
25.515268325805664
11.570653915405273
6.833076477050781
14.313545227050781
18.69367790222168
20.242000579833984
16.70691680908203
21.706541061401367
18.987751007080078
16.950122833251953
22.9879150390625
14.688798904418945
15.255778312683105
16.272499084472656
16.27241325378418
15.995222091674805
13.85340690612793
16.878768920898438
14.107535362243652
13.293275833129883
17.254858016967773
16.510412216186523
13.46548080444336
7.380733489990234
13.122720718383789
7.334709644317627
12.267553329467773
15.354531288146973
13.603496551513672
14.557976722717285
20.678604125976562
7.368474960327148
13.957605361938477
16.542753219604492
30.13433074951172
12.421947479248047
13.5255708694458
13.415348052978516
12.121025085449219
5.566134452819824
5.751186847686768
10.555279731750488
12.476099014282227
5.438565254211426
8.017030715942383
6.870255470275879
6.51337194442749
6.200563430786133
9.313403129577637
7.453455924987793
8.675487518310547
9.487985610961914
13.584783554077148
8.730057716369629
11.444267272949219
8.645623207092285
7.521505832672119
10.414386749267578
6.506043434143066
10.086331367492676
7.729159355163574
11.320976257324219
9.858746528625488
6.968522071838379
14.526317596435547
8.198368072509766
11.028887748718262
14.091329574584961
12.726922988891602
6.944559097290039
4.3146185874938965
10.818254470825195
4.962865829467773
8.17735481262207
9.033531188964844
8.298587799072266
7.311427116394043
15.517510414123535
15.722630500793457
4.498888969421387
7.41859245300293
7.479174613952637
11.818232536315918
12.828280448913574
11.396303176879883
17.116710662841797
9.643840789794922
6.890722274780273
7.612800598144531
12.817265510559082
25.509889602661133
22.70724868774414
12.971622467041016
16.690649032592773
14.281301498413086
13.940011978149414
9.286736488342285
12.05262565612793
18.793224334716797
22.28311538696289
19.157800674438477
18.054656982421875
26.57242202758789
11.912631034851074
6.428354740142822
15.163996696472168
21.000930786132812
13.48434066772461
28.149824142456055
19.513607025146484
14.916953086853027
14.79939079284668
12.056244850158691
9.176756858825684
11.443532943725586
14.706153869628906
8.936622619628906
10.22031021118164
14.246373176574707
19.308874130249023
22.803510665893555
15.364265441894531
16.67708969116211
6.7554144859313965
5.618204116821289
8.045928955078125
9.88842487335205
7.3306121826171875
11.220867156982422
8.932002067565918
13.831111907958984
15.664505004882812
8.044010162353516
10.395721435546875
7.372808456420898
11.750326156616211
10.58712387084961
10.362140655517578
7.325521945953369
13.556764602661133
11.794137001037598
38.35036087036133
27.177906036376953
10.968626022338867
13.496580123901367
8.772651672363281
10.121817588806152
9.796927452087402
15.1987943649292
14.754068374633789
10.432265281677246
17.33997917175293
4.558507919311523
12.396230697631836
14.880681991577148
9.839824676513672
11.522315979003906
10.896676063537598
11.820640563964844
9.151087760925293
6.2317681312561035
4.923286437988281
4.8667449951171875
12.486096382141113
10.13144302368164
11.381380081176758
10.14546012878418
5.426368713378906
12.187268257141113
5.31684684753418
7.956025123596191
14.442323684692383
4.761377334594727
8.8810453414917
5.7143659591674805
4.238107204437256
5.4156084060668945
11.945326805114746
10.021089553833008
11.494091033935547
10.421630859375
9.985591888427734
17.116918563842773
9.37865161895752
8.284158706665039
5.649652004241943
8.35615348815918
10.377737045288086
6.970414161682129
7.990024566650391
27.06325912475586
16.4708309173584
16.1810302734375
10.76972770690918
14.189835548400879
14.419452667236328
12.023740768432617
8.403104782104492
7.552797317504883
27.877113342285156
20.658973693847656
33.677093505859375
21.948165893554688
17.07729721069336
24.89946746826172
15.573137283325195
21.63837432861328
21.305259704589844
28.299903869628906
25.175249099731445
28.81991958618164
24.295738220214844
34.35544967651367
17.782577514648438
38.412689208984375
9.89132308959961
10.541938781738281
10.598602294921875
17.16489028930664
12.56481647491455
18.632951736450195
19.024707794189453
31.58453369140625
13.06330680847168
12.995149612426758
8.732234954833984
9.397313117980957
18.79326629638672
11.784833908081055
14.802993774414062
25.335163116455078
9.512943267822266
16.746768951416016
20.56693458557129
7.4147748947143555
29.530906677246094
21.215137481689453
17.229236602783203
12.683517456054688
9.109243392944336
16.370969772338867
11.533058166503906
8.510427474975586
9.827184677124023
10.559052467346191
14.550130844116211
7.868379592895508
13.215229034423828
10.320329666137695
8.368804931640625
8.617901802062988
9.342775344848633
11.268535614013672
12.569440841674805
7.3345866203308105
6.851280212402344
7.153530120849609
6.568633556365967
12.625898361206055
27.634828567504883
7.232287406921387
9.713834762573242
16.051589965820312
19.955158233642578
9.895079612731934
16.165359497070312
9.84235954284668
23.396276473999023
22.491016387939453
19.5203800201416
13.490228652954102
9.031615257263184
12.303773880004883
9.31184196472168
7.821010589599609
4.204216003417969
12.519189834594727
7.125072479248047
13.964951515197754
18.112049102783203
13.026235580444336
18.725990295410156
17.705612182617188
5.940567493438721
17.773170471191406
20.430879592895508
12.36652660369873
8.768295288085938
10.652800559997559
8.670709609985352
28.056686401367188
23.971498489379883
20.669376373291016
17.249366760253906
18.305789947509766
25.469633102416992
26.435062408447266
17.29387664794922
16.314929962158203
14.082571029663086
7.806267738342285
10.362595558166504
11.899551391601562
11.921104431152344
21.709758758544922
21.81805992126465
6.974673271179199
7.406766414642334
9.895584106445312
6.701302528381348
9.642253875732422
8.903299331665039
20.590646743774414
11.887212753295898
16.657236099243164
25.167015075683594
8.98740005493164
9.658720970153809
9.024372100830078
11.19723129272461
14.185096740722656
14.954041481018066
16.742298126220703
16.92020606994629
9.599907875061035
13.045234680175781
13.693282127380371
9.97835922241211
14.079791069030762
25.228179931640625
13.90131950378418
23.121017456054688
14.667490005493164
15.514535903930664
8.097509384155273
13.800480842590332
9.062126159667969
12.795862197875977
16.428722381591797
17.657228469848633
23.772186279296875
15.945581436157227
14.081777572631836
11.30678653717041
11.733402252197266
12.38589096069336
12.211526870727539
10.003013610839844
10.775123596191406
14.893241882324219
20.31329917907715
8.571601867675781
10.16963005065918
15.13010311126709
8.993268966674805
11.93565559387207
12.83661937713623
8.438480377197266
16.704578399658203
5.243452072143555
10.96667766571045
10.982967376708984
6.355131149291992
9.860932350158691
8.63987922668457
8.94652271270752
13.323606491088867
10.307754516601562
7.148194789886475
13.961179733276367
8.130331039428711
13.316146850585938
12.026610374450684
11.298511505126953
5.848697662353516
6.774744987487793
7.886452674865723
7.341689586639404
6.76997184753418
9.25263786315918
13.161418914794922
12.747335433959961
15.595878601074219
18.29867935180664
6.834315299987793
10.291604995727539
12.045507431030273
9.569475173950195
11.951887130737305
11.890281677246094
22.097583770751953
25.585620880126953
11.272177696228027
22.243083953857422
9.092421531677246
7.05479097366333
11.687026977539062
8.046967506408691
14.557571411132812
10.85282039642334
26.777923583984375
22.76315689086914
15.371774673461914
14.32368278503418
14.607349395751953
13.186050415039062
11.569635391235352
12.108139038085938
13.885889053344727
13.066423416137695
18.818069458007812
17.480379104614258
12.1466646194458
13.698974609375
20.680606842041016
22.55523681640625
13.154809951782227
10.209089279174805
11.198150634765625
10.258255004882812
19.445404052734375
12.967436790466309
15.651812553405762
14.163237571716309
10.844764709472656
8.805848121643066
13.216545104980469
12.596899032592773
16.450855255126953
13.483292579650879
9.43708324432373
20.069290161132812
9.975138664245605
9.013218879699707
10.123656272888184
15.147371292114258
15.311917304992676
19.470075607299805
6.3713483810424805
10.496322631835938
32.98591995239258
20.786285400390625
20.645355224609375
8.807670593261719
18.707862854003906
8.881551742553711
10.503650665283203
7.447258949279785
11.926261901855469
13.128040313720703
13.319000244140625
14.873531341552734
16.434240341186523
22.269397735595703
14.543732643127441
21.1779727935791
9.928508758544922
11.734792709350586
16.779003143310547
8.608940124511719
7.645679950714111
9.809803009033203
14.131406784057617
8.297161102294922
15.001368522644043
16.756559371948242
20.83043670654297
8.526299476623535
9.068538665771484
10.509669303894043
6.886100769042969
9.768620491027832
16.20627784729004
18.867557525634766
8.04894733428955
13.76611614227295
29.086240768432617
9.114982604980469
10.825704574584961
9.226469039916992
9.507518768310547
9.53813362121582
7.375267028808594
9.064711570739746
9.882017135620117
12.322343826293945
13.999574661254883
6.827078819274902
8.536746978759766
7.221648216247559
24.725431442260742
25.959625244140625
18.76700210571289
15.62056827545166
17.43390655517578
26.83514404296875
12.858881950378418
29.739078521728516
21.8887939453125
38.362060546875
25.273757934570312
20.377735137939453
22.41379737854004
11.827067375183105
18.803607940673828
24.541513442993164
25.512502670288086
21.857681274414062
76.1992416381836
30.00531578063965
32.24017333984375
9.068334579467773
23.239336013793945
27.843971252441406
51.79729461669922
25.454452514648438
20.405025482177734
28.252567291259766
23.197580337524414
59.86271286010742
54.985633850097656
23.775299072265625
30.654617309570312
52.180477142333984
26.288528442382812
16.59925651550293
12.997151374816895
16.54458999633789
16.623226165771484
24.148208618164062
31.303552627563477
60.67398452758789
23.09518051147461
18.956008911132812
15.228744506835938
35.90214920043945
43.12202453613281
37.10093688964844
34.471763610839844
29.36664390563965
12.506272315979004
12.498165130615234
9.129227638244629
26.059436798095703
18.106689453125
102.87460327148438
113.25995635986328
32.547603607177734
152.6091766357422
33.35145950317383
27.201820373535156
25.75282859802246
22.05862808227539
13.619819641113281
10.391708374023438
16.864835739135742
143.333984375
57.981849670410156
17.26883316040039
15.285173416137695
19.519121170043945
24.615421295166016
33.6227912902832
36.583518981933594
10.60467529296875
38.0483512878418
21.66967010498047
10.295806884765625
9.902389526367188
13.562076568603516
14.652050018310547
11.490083694458008
10.577978134155273
14.562172889709473
11.944074630737305
22.97609519958496
15.489974021911621
14.349183082580566
11.063704490661621
24.353620529174805
22.389217376708984
13.744888305664062
10.691922187805176
10.651533126831055
6.26995849609375
14.581835746765137
11.247483253479004
8.125833511352539
13.866446495056152
13.304557800292969
24.63523292541504
28.059072494506836
28.179664611816406
28.756567001342773
17.917827606201172
28.362957000732422
14.40658950805664
24.781166076660156
14.825544357299805
14.972541809082031
15.499443054199219
9.468276977539062
8.18096923828125
13.849580764770508
11.654243469238281
20.138500213623047
23.647262573242188
10.706028938293457
9.960831642150879
10.219498634338379
11.342029571533203
14.315675735473633
15.115431785583496
15.77770709991455
13.527837753295898
9.74795913696289
17.17523193359375
8.540553092956543
14.703045845031738
12.271573066711426
10.394410133361816
20.695316314697266
11.350275039672852
8.89372730255127
8.98021125793457
8.731193542480469
8.339466094970703
12.251441955566406
10.858634948730469
7.6180620193481445
11.244475364685059
13.33851432800293
14.883712768554688
12.652021408081055
10.102499008178711
11.887273788452148
10.131447792053223
10.931342124938965
9.635847091674805
8.281606674194336
12.566036224365234
11.436508178710938
12.648757934570312
15.110031127929688
12.58602523803711
8.061020851135254
9.132577896118164
11.388416290283203
9.397565841674805
8.4601469039917
8.69682788848877
11.002190589904785
12.49140453338623
11.023262023925781
7.801224708557129
12.345626831054688
11.08594036102295
10.933673858642578
7.748342037200928
9.42558479309082
9.528179168701172
13.005464553833008
16.87158203125
7.458518028259277
9.28944206237793
7.142852306365967
15.638489723205566
13.469695091247559
11.963103294372559
8.248725891113281
14.685991287231445
8.337217330932617
12.561136245727539
6.989718437194824
12.36633586883545
18.05194091796875
8.310295104980469
9.78317642211914
10.66291618347168
12.785140991210938
14.835976600646973
15.201687812805176
16.43408203125
6.1255292892456055
9.952741622924805
12.107467651367188
12.53518295288086
12.202451705932617
15.600029945373535
9.751739501953125
37.39759063720703
22.946096420288086
23.08599281311035
22.654455184936523
19.884231567382812
17.045181274414062
18.296907424926758
10.173657417297363
25.036529541015625
11.281432151794434
25.524532318115234
21.494136810302734
19.945293426513672
8.621499061584473
18.958316802978516
15.215901374816895
13.936859130859375
11.223395347595215
14.848733901977539
16.042821884155273
13.300182342529297
10.176349639892578
37.14722442626953
23.799577713012695
29.044822692871094
10.09884262084961
11.774162292480469
23.074193954467773
12.113409042358398
18.503040313720703
13.353241920471191
6.517758369445801
12.162980079650879
16.11605453491211
15.036478042602539
13.960832595825195
14.768599510192871
7.911238670349121
11.38135814666748
11.922699928283691
10.595311164855957
11.668831825256348
11.705501556396484
10.00736141204834
12.469578742980957
16.149429321289062
7.249387741088867
11.523126602172852
15.781864166259766
25.54262924194336
11.487249374389648
15.972405433654785
14.747556686401367
14.606964111328125
12.302350997924805
12.212504386901855
17.594146728515625
10.115241050720215
9.997980117797852
13.932708740234375
6.129589080810547
8.374021530151367
16.333778381347656
23.595081329345703
12.538045883178711
17.220443725585938
9.558874130249023
10.459525108337402
9.274192810058594
13.121088027954102
6.8899760246276855
9.64863109588623
17.111255645751953
19.333105087280273
9.628861427307129
20.44129180908203
6.856985092163086
13.71079158782959
13.731466293334961
15.9124174118042
12.790781021118164
25.074663162231445
7.964509010314941
21.105091094970703
12.46414566040039
15.07927131652832
9.379779815673828
13.552339553833008
12.924007415771484
8.199115753173828
8.506601333618164
15.835990905761719
12.657157897949219
16.787765502929688
12.021657943725586
7.947564601898193
12.836426734924316
13.190286636352539
6.612425804138184
