188.54055555555556
342.3486111111111
134.01472222222222
121.55083333333333
303.5208333333333
364.30583333333334
186.8852777777778
125.56555555555556
112.20416666666667
187.5975
146.83777777777777
253.02916666666667
126.59694444444445
310.59472222222223
197.39305555555555
173.75916666666666
237.7163888888889
140.04472222222222
134.9752777777778
172.74527777777777
228.29861111111111
223.79944444444445
109.54888888888888
107.81055555555555
302.06388888888887
204.57611111111112
129.8686111111111
164.9752777777778
115.36055555555555
82.79
151.46972222222223
186.31666666666666
137.6213888888889
162.0275
200.79555555555555
86.01694444444445
115.24722222222222
101.95777777777778
107.90194444444444
147.53972222222222
126.74861111111112
90.32972222222222
93.00833333333334
84.89833333333333
110.65444444444445
121.21666666666667
138.6822222222222
107.94833333333334
109.42111111111112
87.01444444444445
105.81027777777778
133.21833333333333
167.5377777777778
171.27305555555554
94.9125
64.58527777777778
74.99138888888889
160.06555555555556
134.64027777777778
73.65416666666667
69.91694444444444
114.18861111111111
103.24944444444445
72.6588888888889
96.81527777777778
98.87027777777777
183.0525
73.57638888888889
108.28972222222222
97.94611111111111
81.35027777777778
66.87166666666667
92.99722222222222
67.69055555555556
75.41194444444444
117.57888888888888
81.77027777777778
144.25944444444445
90.08055555555555
73.77472222222222
115.35722222222222
66.12027777777777
99.5963888888889
81.04055555555556
118.76555555555555
55.215555555555554
68.3163888888889
54.87916666666667
64.31027777777778
103.195
120.055
67.20666666666666
64.11805555555556
73.74555555555555
106.36555555555556
103.58916666666667
64.83222222222223
98.22416666666666
105.74527777777777
69.31388888888888
59.97388888888889
140.7163888888889
98.53333333333333
86.8313888888889
57.765277777777776
80.21472222222222
102.725
64.15722222222222
68.52666666666667
63.87166666666667
74.63305555555556
90.15444444444445
59.7425
81.73055555555555
96.6175
104.34472222222222
72.12638888888888
70.20944444444444
122.59583333333333
65.6725
64.90833333333333
69.41888888888889
61.28611111111111
55.44638888888889
75.38388888888889
82.08083333333333
73.77666666666667
65.89194444444445
74.74444444444444
68.61305555555556
64.78722222222223
57.48833333333334
51.03722222222222
60.37444444444444
55.45722222222222
75.00111111111111
56.165
53.15833333333333
46.395
53.33444444444444
63.75222222222222
81.48555555555555
61.78777777777778
56.22527777777778
67.00083333333333
57.19277777777778
71.97972222222222
64.51194444444444
72.24861111111112
57.57611111111111
45.65416666666667
66.33638888888889
74.22944444444444
58.02111111111111
60.16416666666667
62.36555555555555
56.530277777777776
58.31777777777778
57.45944444444444
64.4025
43.65472222222222
52.21194444444444
50.40277777777778
51.92444444444445
44.49027777777778
41.816944444444445
64.30555555555556
42.64222222222222
77.68222222222222
64.23944444444444
59.4075
65.82916666666667
52.45305555555556
56.716388888888886
55.86555555555555
42.689166666666665
47.555277777777775
43.24333333333333
56.16305555555556
42.61083333333333
46.63666666666666
83.09861111111111
46.279444444444444
46.66388888888889
48.672777777777775
44.096666666666664
61.23
66.58611111111111
45.06944444444444
34.54805555555556
43.11361111111111
61.63638888888889
45.507777777777775
54.716388888888886
45.08888888888889
48.38055555555555
74.13722222222222
41.36666666666667
43.81916666666667
46.599444444444444
53.634166666666665
52.759166666666665
67.01333333333334
56.4225
39.36388888888889
41.983333333333334
61.77333333333333
60.1525
76.2713888888889
32.23222222222222
44.23277777777778
44.852777777777774
76.89
45.63722222222222
40.185
51.35444444444445
50.66916666666667
55.24805555555555
53.75888888888889
45.00194444444445
50.18555555555555
58.268055555555556
43.08416666666667
39.36694444444444
49.369166666666665
58.6225
32.138888888888886
34.145
58.1275
35.274166666666666
46.15888888888889
44.75361111111111
38.17138888888889
45.92027777777778
39.013333333333335
47.32138888888889
44.834722222222226
48.96194444444444
43.20333333333333
42.095555555555556
56.26138888888889
47.91027777777778
34.568888888888885
42.91111111111111
40.18083333333333
30.7425
40.11333333333334
36.77638888888889
51.401666666666664
38.67166666666667
33.89388888888889
41.888888888888886
42.15472222222222
46.60722222222222
40.69166666666667
48.13166666666667
45.00694444444444
30.938055555555554
53.44305555555555
46.8575
47.49861111111111
36.93388888888889
39.240833333333335
49.903055555555554
52.125277777777775
37.824444444444445
32.293055555555554
38.23694444444445
34.34638888888889
37.303333333333335
41.876666666666665
36.38666666666666
34.885
43.451388888888886
54.536944444444444
30.720833333333335
66.10277777777777
42.215555555555554
27.704166666666666
32.49055555555555
45.585
30.688333333333333
32.52333333333333
40.520833333333336
30.890833333333333
33.72527777777778
40.406666666666666
37.26166666666666
28.361944444444443
48.405833333333334
33.004444444444445
33.266666666666666
30.705
38.098055555555554
31.514722222222222
36.32861111111111
39.370555555555555
36.37111111111111
42.41722222222222
36.01222222222222
38.73833333333334
29.426944444444445
32.15555555555556
36.75138888888889
33.110277777777775
33.29972222222222
53.53333333333333
32.04944444444445
46.00555555555555
25.571944444444444
28.660555555555554
27.87361111111111
34.85388888888889
34.7775
42.89055555555556
31.941388888888888
33.61694444444444
25.165277777777778
43.27027777777778
44.03333333333333
29.897222222222222
25.537222222222223
30.485
25.1575
46.20333333333333
41.290277777777774
40.81666666666667
35.043055555555554
29.470277777777778
41.13
24.563333333333333
28.615277777777777
31.786944444444444
42.97083333333333
25.553055555555556
26.235
33.31638888888889
35.05583333333333
29.154166666666665
28.2875
34.61
39.02
47.16555555555556
29.776944444444446
32.439166666666665
30.898888888888887
31.656944444444445
30.956666666666667
36.06361111111111
36.97472222222222
32.99527777777778
29.45138888888889
33.81027777777778
32.250277777777775
36.3225
33.51277777777778
36.74
26.3425
37.865833333333335
34.31666666666667
30.324444444444445
26.679166666666667
26.875833333333333
22.77027777777778
27.70916666666667
33.24055555555555
29.174166666666668
32.39555555555555
33.65638888888889
20.259166666666665
28.96388888888889
36.01583333333333
22.500555555555554
24.913888888888888
39.586666666666666
31.708333333333332
22.295555555555556
29.86638888888889
24.16111111111111
23.0075
27.175555555555555
29.473333333333333
23.048055555555557
26.808611111111112
24.322777777777777
36.619166666666665
26.69972222222222
25.310555555555556
28.093888888888888
31.390555555555554
22.63
31.705555555555556
44.19583333333333
31.33111111111111
24.899166666666666
25.24138888888889
28.92888888888889
33.57138888888889
21.14027777777778
33.91972222222222
38.22666666666667
28.442777777777778
32.160555555555554
26.466666666666665
22.160555555555554
31.72861111111111
26.361944444444443
19.99277777777778
22.06138888888889
38.602777777777774
30.211944444444445
24.7875
28.711666666666666
27.662222222222223
26.573888888888888
32.076388888888886
27.82472222222222
49.53055555555556
23.404722222222222
37.69
25.113333333333333
52.23277777777778
32.83444444444444
25.36722222222222
28.724444444444444
22.176111111111112
19.9925
23.942222222222224
23.900833333333335
23.366666666666667
21.37472222222222
20.66861111111111
25.613055555555555
24.385277777777777
23.570555555555554
23.649722222222223
22.641111111111112
27.094166666666666
17.61888888888889
28.239722222222223
25.50138888888889
33.208333333333336
20.096944444444443
42.8475
23.583055555555557
22.234444444444446
22.13361111111111
23.36
17.32111111111111
24.198333333333334
22.294444444444444
20.74861111111111
19.541666666666668
26.216944444444444
24.099444444444444
27.97277777777778
20.119444444444444
26.18
42.8575
17.990833333333335
37.45944444444444
36.73222222222222
19.606666666666666
33.16305555555556
21.2525
23.91583333333333
18.629166666666666
62.44777777777778
24.27638888888889
18.44472222222222
20.129444444444445
18.71527777777778
21.98138888888889
21.615277777777777
19.246944444444445
22.4475
19.136388888888888
16.305555555555557
26.210555555555555
20.901666666666667
22.074444444444445
20.72222222222222
20.60861111111111
15.795555555555556
25.135
24.108055555555556
15.624444444444444
19.759166666666665
22.212222222222223
28.592777777777776
25.14138888888889
46.45583333333333
20.08138888888889
21.83
20.719166666666666
18.710277777777776
17.874166666666667
21.621388888888887
22.794444444444444
21.9525
