1.5072222222222222
2.080277777777778
1.145
1.095
1.9194444444444445
1.9836111111111112
1.4819444444444445
1.105
0.9947222222222222
1.2994444444444444
1.2258333333333333
1.688611111111111
1.0933333333333333
1.9041666666666666
1.4327777777777777
1.4319444444444445
1.63
1.1775
1.2208333333333334
1.2958333333333334
1.368611111111111
1.5577777777777777
1.0147222222222223
0.8575
1.8341666666666667
1.4691666666666667
1.111388888888889
1.2341666666666666
1.065
0.7908333333333334
1.28
1.456388888888889
1.2238888888888888
1.2075
1.2130555555555556
0.7511111111111111
0.9694444444444444
0.9741666666666666
0.9188888888888889
1.2041666666666666
1.0225
0.8675
0.8508333333333333
0.8558333333333333
0.9075
0.9394444444444444
1.0594444444444444
0.9502777777777778
0.9802777777777778
0.8247222222222222
0.955
1.0941666666666667
1.2502777777777778
1.2558333333333334
0.9186111111111112
0.6922222222222222
0.7130555555555556
1.2025
1.1466666666666667
0.7747222222222222
0.7180555555555556
0.9816666666666667
0.9194444444444444
0.6972222222222222
0.8838888888888888
0.8219444444444445
1.3183333333333334
0.7261111111111112
0.9777777777777777
0.9233333333333333
0.7338888888888889
0.6691666666666667
0.8286111111111111
0.6877777777777778
0.7333333333333333
1.0086111111111111
0.8155555555555556
0.8683333333333333
0.8430555555555556
0.7088888888888889
0.9447222222222222
0.6705555555555556
0.9083333333333333
0.7961111111111111
0.9255555555555556
0.6097222222222223
0.6727777777777778
0.5672222222222222
0.6372222222222222
0.8619444444444444
0.8744444444444445
0.6683333333333333
0.6688888888888889
0.745
0.8730555555555556
0.9355555555555556
0.6566666666666666
0.8294444444444444
0.8811111111111111
0.6975
0.5816666666666667
0.8561111111111112
0.8538888888888889
0.7483333333333333
0.5863888888888888
0.7341666666666666
0.7533333333333333
0.6644444444444444
0.6544444444444445
0.6230555555555556
0.7144444444444444
0.7783333333333333
0.5938888888888889
0.7008333333333333
0.8477777777777777
0.8275
0.6933333333333334
0.6494444444444445
0.9377777777777778
0.6272222222222222
0.6480555555555556
0.6958333333333333
0.5838888888888889
0.5833333333333334
0.6638888888888889
0.7669444444444444
0.7019444444444445
0.6333333333333333
0.6811111111111111
0.7261111111111112
0.6211111111111111
0.5811111111111111
0.5094444444444445
0.5902777777777778
0.5688888888888889
0.6686111111111112
0.5827777777777777
0.5488888888888889
0.5069444444444444
0.5405555555555556
0.6419444444444444
0.7219444444444445
0.6225
0.5697222222222222
0.6563888888888889
0.5588888888888889
0.6613888888888889
0.5930555555555556
0.6461111111111111
0.5711111111111111
0.49194444444444446
0.5811111111111111
0.6269444444444444
0.5816666666666667
0.5855555555555556
0.6230555555555556
0.5688888888888889
0.6066666666666667
0.6052777777777778
0.6433333333333333
0.4797222222222222
0.5511111111111111
0.5269444444444444
0.5386111111111112
0.49027777777777776
0.4677777777777778
0.6063888888888889
0.47638888888888886
0.7155555555555555
0.6141666666666666
0.5897222222222223
0.6152777777777778
0.5333333333333333
0.5836111111111111
0.5991666666666666
0.46305555555555555
0.515
0.45944444444444443
0.5611111111111111
0.4772222222222222
0.5055555555555555
0.7244444444444444
0.4722222222222222
0.48055555555555557
0.5197222222222222
0.4736111111111111
0.5708333333333333
0.6441666666666667
0.4761111111111111
0.41333333333333333
0.45944444444444443
0.6125
0.4713888888888889
0.5508333333333333
0.47555555555555556
0.4811111111111111
0.6288888888888889
0.46055555555555555
0.48694444444444446
0.4888888888888889
0.5516666666666666
0.5072222222222222
0.5961111111111111
0.5122222222222222
0.41638888888888886
0.4672222222222222
0.5977777777777777
0.5808333333333333
0.6130555555555556
0.38416666666666666
0.4597222222222222
0.4747222222222222
0.6627777777777778
0.4836111111111111
0.44805555555555554
0.4911111111111111
0.5016666666666667
0.5233333333333333
0.5011111111111111
0.4836111111111111
0.5466666666666666
0.5594444444444444
0.4666666666666667
0.43972222222222224
0.49416666666666664
0.6108333333333333
0.37694444444444447
0.4013888888888889
0.5475
0.41
0.47805555555555557
0.4875
0.4091666666666667
0.47194444444444444
0.4102777777777778
0.48194444444444445
0.42944444444444446
0.45666666666666667
0.4452777777777778
0.43777777777777777
0.5411111111111111
0.5119444444444444
0.4022222222222222
0.4663888888888889
0.4247222222222222
0.36138888888888887
0.44583333333333336
0.4033333333333333
0.5063888888888889
0.43444444444444447
0.3788888888888889
0.4477777777777778
0.4386111111111111
0.4797222222222222
0.45
0.4811111111111111
0.4738888888888889
0.37694444444444447
0.5075
0.47055555555555556
0.48083333333333333
0.4008333333333333
0.4247222222222222
0.49583333333333335
0.5108333333333334
0.42333333333333334
0.3688888888888889
0.42194444444444446
0.39555555555555555
0.4272222222222222
0.44972222222222225
0.4102777777777778
0.38972222222222225
0.4625
0.5480555555555555
0.36194444444444446
0.585
0.45
0.3338888888888889
0.37305555555555553
0.46
0.3536111111111111
0.36444444444444446
0.42388888888888887
0.36583333333333334
0.3711111111111111
0.4147222222222222
0.425
0.33916666666666667
0.47805555555555557
0.3616666666666667
0.3663888888888889
0.3436111111111111
0.4027777777777778
0.3605555555555556
0.38333333333333336
0.4280555555555556
0.39444444444444443
0.44666666666666666
0.37527777777777777
0.4116666666666667
0.33166666666666667
0.35805555555555557
0.39944444444444444
0.36444444444444446
0.3630555555555556
0.5047222222222222
0.36027777777777775
0.47944444444444445
0.30333333333333334
0.34194444444444444
0.3283333333333333
0.3952777777777778
0.3713888888888889
0.4483333333333333
0.3616666666666667
0.36916666666666664
0.29333333333333333
0.41583333333333333
0.43222222222222223
0.34
0.30972222222222223
0.3525
0.2947222222222222
0.4552777777777778
0.4225
0.43527777777777776
0.37583333333333335
0.3252777777777778
0.4297222222222222
0.3038888888888889
0.33111111111111113
0.3541666666666667
0.43083333333333335
0.3161111111111111
0.3086111111111111
0.3605555555555556
0.37416666666666665
0.33805555555555555
0.3263888888888889
0.35888888888888887
0.4111111111111111
0.44166666666666665
0.34305555555555556
0.3502777777777778
0.3611111111111111
0.3638888888888889
0.35555555555555557
0.39111111111111113
0.3952777777777778
0.36333333333333334
0.32472222222222225
0.3686111111111111
0.35888888888888887
0.3794444444444444
0.35055555555555556
0.3686111111111111
0.3138888888888889
0.4052777777777778
0.38083333333333336
0.34444444444444444
0.30527777777777776
0.3125
0.27111111111111114
0.30083333333333334
0.3408333333333333
0.3263888888888889
0.3472222222222222
0.3522222222222222
0.2461111111111111
0.33555555555555555
0.4011111111111111
0.2733333333333333
0.2997222222222222
0.4116666666666667
0.33361111111111114
0.2788888888888889
0.34805555555555556
0.2872222222222222
0.27055555555555555
0.31777777777777777
0.3233333333333333
0.27166666666666667
0.31805555555555554
0.27166666666666667
0.3925
0.305
0.2902777777777778
0.3136111111111111
0.3372222222222222
0.28055555555555556
0.3375
0.3736111111111111
0.3288888888888889
0.2836111111111111
0.2975
0.31527777777777777
0.3452777777777778
0.25333333333333335
0.36944444444444446
0.3672222222222222
0.3086111111111111
0.3313888888888889
0.2927777777777778
0.27
0.34805555555555556
0.30277777777777776
0.23805555555555555
0.27444444444444444
0.37722222222222224
0.31583333333333335
0.28805555555555556
0.32611111111111113
0.2877777777777778
0.30722222222222223
0.30277777777777776
0.315
0.4261111111111111
0.27305555555555555
0.3466666666666667
0.2911111111111111
0.43805555555555553
0.34444444444444444
0.2911111111111111
0.3252777777777778
0.25972222222222224
0.2477777777777778
0.2875
0.2786111111111111
0.26472222222222225
0.24555555555555555
0.24333333333333335
0.29527777777777775
0.27305555555555555
0.2722222222222222
0.28055555555555556
0.2683333333333333
0.30277777777777776
0.22833333333333333
0.31194444444444447
0.29527777777777775
0.30944444444444447
0.24333333333333335
0.36666666666666664
0.28583333333333333
0.25833333333333336
0.25472222222222224
0.26916666666666667
0.22611111111111112
0.28444444444444444
0.26555555555555554
0.25194444444444447
0.23194444444444445
0.27555555555555555
0.2608333333333333
0.30833333333333335
0.23444444444444446
0.2980555555555556
0.38972222222222225
0.21972222222222224
0.355
0.3313888888888889
0.24055555555555555
0.3233333333333333
0.24138888888888888
0.27555555555555555
0.22777777777777777
0.4791666666666667
0.2652777777777778
0.21888888888888888
0.23972222222222223
0.22694444444444445
0.2588888888888889
0.26305555555555554
0.2363888888888889
0.255
0.22555555555555556
0.1975
0.295
0.2452777777777778
0.23944444444444443
0.2386111111111111
0.23916666666666667
0.19611111111111112
0.2775
0.28
0.1963888888888889
0.23555555555555555
0.24583333333333332
0.29555555555555557
0.2775
0.39916666666666667
0.24083333333333334
0.2602777777777778
0.2452777777777778
0.2263888888888889
0.23222222222222222
0.2525
0.26305555555555554
0.24972222222222223
