230.59166666666667
208.49777777777777
182.48472222222222
197.20666666666668
220.54861111111111
242.10361111111112
146.22027777777777
115.76388888888889
154.6677777777778
295.5152777777778
184.9736111111111
113.72472222222223
119.58444444444444
126.93972222222222
152.14277777777778
135.68944444444443
157.58416666666668
211.6475
95.58916666666667
119.75111111111111
143.90944444444443
220.4788888888889
183.7061111111111
86.71694444444445
68.68583333333333
144.00166666666667
174.38694444444445
147.7025
108.56194444444445
126.08638888888889
132.06416666666667
149.82583333333332
109.3225
160.4725
184.33388888888888
110.56833333333333
162.37305555555557
226.6136111111111
89.70083333333334
121.08027777777778
110.1025
98.17944444444444
271.64222222222224
94.47333333333333
97.85083333333333
137.54638888888888
121.79222222222222
125.94055555555556
137.86416666666668
80.62638888888888
97.54777777777778
363.7247222222222
97.88805555555555
164.62944444444443
160.795
85.08361111111111
95.155
129.96027777777778
106.25638888888889
78.59
83.54722222222222
86.78
94.41166666666666
123.79027777777777
108.87055555555555
98.4925
139.12083333333334
100.05
145.95222222222222
79.40416666666667
146.73416666666665
79.96972222222222
97.695
64.78027777777778
114.94694444444444
120.0575
116.22277777777778
104.22166666666666
70.58666666666667
95.68638888888889
94.35194444444444
73.16777777777777
71.03027777777778
60.55
137.08194444444445
100.415
169.79166666666666
96.10111111111111
83.41583333333334
75.59833333333333
105.71555555555555
106.50805555555556
68.18722222222222
84.71305555555556
114.51305555555555
100.09333333333333
70.95694444444445
102.58527777777778
84.51222222222222
67.73722222222223
59.74444444444445
75.32805555555555
96.56
117.12277777777778
78.42333333333333
65.56916666666666
169.58694444444444
80.04638888888888
60.409444444444446
76.63305555555556
89.27111111111111
84.97583333333333
60.83722222222222
63.184444444444445
74.78444444444445
83.62277777777778
76.24388888888889
94.76166666666667
99.17444444444445
97.67666666666666
66.48944444444444
75.16833333333334
66.87583333333333
74.09083333333334
60.98361111111111
83.35222222222222
69.86027777777778
67.3125
87.25222222222222
49.31583333333333
70.69222222222223
61.74888888888889
58.68888888888889
77.61333333333333
71.06972222222223
92.58472222222223
98.64888888888889
76.50472222222223
54.71138888888889
93.48277777777778
52.41777777777778
93.39944444444444
65.31305555555555
48.75388888888889
55.33638888888889
71.50777777777778
80.30944444444444
75.54416666666667
114.21861111111112
61.95305555555556
46.518055555555556
57.768055555555556
60.86083333333333
52.879444444444445
56.78388888888889
114.16166666666666
69.22583333333333
75.08083333333333
88.285
75.56416666666667
49.865833333333335
72.2225
95.58777777777777
47.592777777777776
49.03861111111111
58.84861111111111
65.65666666666667
53.04
92.29
70.72444444444444
71.74
70.12027777777777
65.33611111111111
62.958888888888886
86.3325
48.72027777777778
42.07861111111111
54.25222222222222
48.75972222222222
47.48972222222222
50.99527777777778
68.48166666666667
64.69
43.44166666666667
72.23666666666666
55.94555555555556
55.37972222222222
54.36333333333334
46.81638888888889
46.187777777777775
57.21944444444444
64.55333333333333
59.04416666666667
55.63916666666667
68.21305555555556
76.89833333333333
78.30194444444444
43.74777777777778
57.032222222222224
78.71027777777778
51.3475
90.26166666666667
86.55944444444444
59.043055555555554
45.54694444444444
67.36305555555556
74.65527777777778
60.823055555555555
96.93333333333334
36.715833333333336
50.02333333333333
42.1325
121.28694444444444
50.776944444444446
53.760555555555555
43.21472222222222
40.69916666666666
141.14805555555554
58.81916666666667
66.28333333333333
51.988055555555555
62.19305555555555
58.964444444444446
43.65638888888889
65.32194444444444
41.58361111111111
51.04388888888889
37.28
54.0525
46.01027777777778
53.47833333333333
78.43583333333333
42.88194444444444
64.43666666666667
49.01
49.45777777777778
43.041111111111114
75.9425
49.50222222222222
40.87888888888889
45.217777777777776
61.72972222222222
45.166666666666664
49.91111111111111
38.13333333333333
38.78722222222222
52.68194444444445
37.045833333333334
54.727222222222224
43.501666666666665
46.395
48.40694444444444
69.25638888888889
58.84
47.31111111111111
44.90972222222222
50.748333333333335
37.46722222222222
60.974444444444444
49.92027777777778
52.886944444444445
42.61527777777778
39.58833333333333
50.64388888888889
50.69638888888889
39.566944444444445
38.88805555555555
37.14055555555556
39.1675
36.361666666666665
42.15638888888889
43.085277777777776
47.466944444444444
48.416111111111114
89.5363888888889
32.6375
66.02444444444444
45.71472222222222
35.794444444444444
36.319722222222225
42.19166666666667
37.846111111111114
37.79972222222222
41.10027777777778
38.90555555555556
35.14527777777778
36.8775
35.92138888888889
38.68611111111111
63.88
36.12694444444445
36.12611111111111
47.40361111111111
40.80638888888889
41.75388888888889
40.75527777777778
39.1525
38.10333333333333
41.271388888888886
38.61333333333334
37.94305555555555
37.06027777777778
36.32611111111111
39.24611111111111
41.584722222222226
32.6425
65.53166666666667
47.553333333333335
72.96916666666667
31.892777777777777
30.935833333333335
44.51638888888889
36.27194444444444
34.94222222222222
46.54083333333333
42.03388888888889
33.6175
31.53527777777778
46.630833333333335
59.96361111111111
32.119166666666665
28.293055555555554
35.12388888888889
29.83111111111111
93.9036111111111
50.95527777777778
36.499722222222225
43.62305555555555
34.08583333333333
42.465
31.755277777777778
28.189722222222223
28.005555555555556
42.48638888888889
36.91138888888889
29.47
41.98638888888889
36.827777777777776
32.63194444444444
34.43555555555555
41.581944444444446
47.74472222222222
52.40777777777778
36.93638888888889
37.51777777777778
32.87277777777778
28.745555555555555
31.879444444444445
41.26444444444444
49.48638888888889
49.20527777777778
30.294444444444444
30.778055555555557
43.22833333333333
34.6025
40.341388888888886
38.007777777777775
28.41888888888889
33.586666666666666
37.064166666666665
41.54972222222222
38.68805555555556
30.27166666666667
28.539444444444445
29.019166666666667
33.16722222222222
29.385555555555555
32.49444444444445
38.18138888888889
26.02111111111111
38.24194444444444
36.38
36.10138888888889
35.291666666666664
40.660555555555554
39.88027777777778
24.23472222222222
31.585555555555555
32.32527777777778
27.63222222222222
32.63
34.229166666666664
29.72277777777778
30.990833333333335
33.97666666666667
40.73388888888889
28.94638888888889
31.025833333333335
31.656111111111112
39.281666666666666
31.92361111111111
33.036944444444444
42.342777777777776
31.015833333333333
27.525
31.496388888888887
28.782222222222224
27.878611111111113
22.42972222222222
36.44277777777778
34.005833333333335
29.118055555555557
36.14111111111111
25.654722222222222
30.987222222222222
40.78138888888889
29.864444444444445
20.031388888888888
23.181944444444444
31.72138888888889
37.335
30.55
31.913055555555555
28.000555555555554
32.99333333333333
25.743333333333332
27.212777777777777
38.85027777777778
25.546944444444446
48.745
29.48027777777778
49.2875
38.64277777777778
30.987222222222222
26.808055555555555
23.370277777777776
25.330833333333334
24.961944444444445
24.573055555555555
22.80527777777778
24.095555555555556
23.247777777777777
26.86
25.636388888888888
28.470555555555556
34.304722222222225
22.813055555555554
25.84138888888889
18.405
30.413888888888888
33.626666666666665
28.436666666666667
27.489444444444445
40.30222222222222
29.10638888888889
22.870833333333334
27.86888888888889
32.19722222222222
22.952222222222222
28.080555555555556
25.18722222222222
28.10861111111111
24.171944444444446
23.09
22.127777777777776
29.085277777777776
28.05611111111111
31.24361111111111
58.05555555555556
26.63861111111111
34.464166666666664
31.053333333333335
25.649444444444445
38.38388888888889
25.67972222222222
27.58138888888889
23.52166666666667
42.86972222222222
27.793333333333333
24.98138888888889
23.848055555555554
23.973055555555554
26.526666666666667
22.04611111111111
22.443055555555556
26.414722222222224
25.163611111111113
21.022777777777776
32.465
24.416944444444443
23.432222222222222
28.497222222222224
29.073333333333334
16.447222222222223
24.894166666666667
29.005277777777778
20.47138888888889
25.46388888888889
23.33861111111111
32.62888888888889
22.218611111111112
48.41833333333334
24.649444444444445
27.385277777777777
25.55361111111111
23.480833333333333
20.756666666666668
28.995555555555555
23.15861111111111
22.296944444444446
