1.6808333333333334
1.5016666666666667
1.5541666666666667
1.4088888888888889
1.666388888888889
1.7530555555555556
1.2016666666666667
1.0197222222222222
1.2213888888888889
1.925
1.4169444444444443
0.9869444444444444
1.1047222222222222
1.1316666666666666
1.1883333333333332
1.2044444444444444
1.218611111111111
1.4841666666666666
0.8594444444444445
1.0652777777777778
1.1019444444444444
1.5647222222222221
1.3719444444444444
0.8708333333333333
0.7325
1.1977777777777778
1.425
1.0294444444444444
0.96
1.0872222222222223
1.1077777777777778
1.0833333333333333
0.9527777777777777
1.1994444444444445
1.23
0.9675
1.2522222222222221
1.4447222222222222
0.8502777777777778
1.093888888888889
1.0069444444444444
0.9313888888888889
1.7863888888888888
0.9572222222222222
0.8716666666666667
1.1708333333333334
1.0091666666666668
0.9916666666666667
1.1111111111111112
0.7894444444444444
0.8380555555555556
2.0825
0.8333333333333334
1.1205555555555555
1.1427777777777777
0.8413888888888889
0.8166666666666667
1.0716666666666668
0.8911111111111111
0.7680555555555556
0.7769444444444444
0.8027777777777778
0.8797222222222222
1.0658333333333334
0.9475
0.8827777777777778
1.0219444444444445
0.9280555555555555
1.07
0.7622222222222222
1.1655555555555555
0.7711111111111111
0.8525
0.6719444444444445
0.9922222222222222
0.9194444444444444
0.9425
0.8386111111111111
0.7361111111111112
0.8519444444444444
0.8227777777777778
0.7391666666666666
0.6977777777777778
0.6375
0.9233333333333333
0.8322222222222222
1.1975
0.7683333333333333
0.7288888888888889
0.73
0.8613888888888889
0.8283333333333334
0.6888888888888889
0.7308333333333333
0.9605555555555556
0.8761111111111111
0.7188888888888889
0.8777777777777778
0.7952777777777778
0.7225
0.5988888888888889
0.7522222222222222
0.8075
0.8627777777777778
0.6866666666666666
0.65
1.0791666666666666
0.7752777777777777
0.5861111111111111
0.7313888888888889
0.7383333333333333
0.7708333333333334
0.6175
0.6152777777777778
0.7075
0.7208333333333333
0.6811111111111111
0.8483333333333334
0.9083333333333333
0.7683333333333333
0.6536111111111111
0.7108333333333333
0.6297222222222222
0.7263888888888889
0.6177777777777778
0.7563888888888889
0.6886111111111111
0.6616666666666666
0.7741666666666667
0.5552777777777778
0.6386111111111111
0.5986111111111111
0.5883333333333334
0.7163888888888889
0.6672222222222223
0.7988888888888889
0.7761111111111111
0.6688888888888889
0.5741666666666667
0.7375
0.5716666666666667
0.8391666666666666
0.5908333333333333
0.5036111111111111
0.5794444444444444
0.6575
0.7366666666666667
0.6233333333333333
0.8661111111111112
0.6152777777777778
0.5094444444444445
0.5986111111111111
0.6052777777777778
0.5313888888888889
0.5719444444444445
0.8841666666666667
0.6313888888888889
0.6438888888888888
0.8175
0.6619444444444444
0.5366666666666666
0.6330555555555556
0.7125
0.4955555555555556
0.4955555555555556
0.5916666666666667
0.6344444444444445
0.5494444444444444
0.7375
0.5961111111111111
0.6597222222222222
0.6361111111111111
0.6258333333333334
0.6155555555555555
0.7394444444444445
0.5025
0.47055555555555556
0.5325
0.48138888888888887
0.5138888888888888
0.5311111111111111
0.6075
0.6127777777777778
0.49027777777777776
0.6005555555555555
0.5655555555555556
0.5516666666666666
0.5052777777777778
0.4816666666666667
0.49194444444444446
0.5680555555555555
0.5880555555555556
0.56
0.5522222222222222
0.6255555555555555
0.6463888888888889
0.7013888888888888
0.4686111111111111
0.5805555555555556
0.615
0.5016666666666667
0.6861111111111111
0.6391666666666667
0.5405555555555556
0.49833333333333335
0.6538888888888889
0.6677777777777778
0.5880555555555556
0.7427777777777778
0.3977777777777778
0.5013888888888889
0.435
0.8030555555555555
0.5330555555555555
0.5455555555555556
0.4658333333333333
0.44972222222222225
0.8344444444444444
0.5322222222222223
0.5566666666666666
0.5063888888888889
0.5838888888888889
0.555
0.46944444444444444
0.59
0.43944444444444447
0.5108333333333334
0.4172222222222222
0.5244444444444445
0.48833333333333334
0.5147222222222222
0.6388888888888888
0.4552777777777778
0.5625
0.5069444444444444
0.48333333333333334
0.4486111111111111
0.6177777777777778
0.5019444444444444
0.42944444444444446
0.45472222222222225
0.5694444444444444
0.44666666666666666
0.49583333333333335
0.41194444444444445
0.4241666666666667
0.535
0.39611111111111114
0.5261111111111111
0.4633333333333333
0.45
0.49666666666666665
0.5541666666666667
0.5597222222222222
0.5091666666666667
0.4527777777777778
0.5130555555555556
0.42277777777777775
0.5658333333333333
0.47805555555555557
0.5205555555555555
0.43527777777777776
0.42277777777777775
0.4866666666666667
0.49833333333333335
0.4077777777777778
0.4172222222222222
0.4075
0.42388888888888887
0.40166666666666667
0.4305555555555556
0.4494444444444444
0.4702777777777778
0.45222222222222225
0.6838888888888889
0.37833333333333335
0.5858333333333333
0.43833333333333335
0.3852777777777778
0.39166666666666666
0.4488888888888889
0.41944444444444445
0.3972222222222222
0.4286111111111111
0.4041666666666667
0.3875
0.3952777777777778
0.38805555555555554
0.4172222222222222
0.5752777777777778
0.39111111111111113
0.3997222222222222
0.4361111111111111
0.4275
0.4388888888888889
0.44
0.41388888888888886
0.4063888888888889
0.42
0.4111111111111111
0.39944444444444444
0.3988888888888889
0.39361111111111113
0.43333333333333335
0.4230555555555556
0.3688888888888889
0.5977777777777777
0.45
0.5997222222222223
0.34555555555555556
0.3402777777777778
0.4311111111111111
0.39
0.37444444444444447
0.4413888888888889
0.3963888888888889
0.38055555555555554
0.35444444444444445
0.4647222222222222
0.5147222222222222
0.3422222222222222
0.3136111111111111
0.37916666666666665
0.3411111111111111
0.6083333333333333
0.46055555555555555
0.3908333333333333
0.4172222222222222
0.3641666666666667
0.41638888888888886
0.3502777777777778
0.32305555555555554
0.31583333333333335
0.4361111111111111
0.37416666666666665
0.3269444444444444
0.4141666666666667
0.3908333333333333
0.3561111111111111
0.3794444444444444
0.4047222222222222
0.4686111111111111
0.48527777777777775
0.4122222222222222
0.40194444444444444
0.3466666666666667
0.3169444444444444
0.3552777777777778
0.41194444444444445
0.4711111111111111
0.4608333333333333
0.32916666666666666
0.3383333333333333
0.4288888888888889
0.35805555555555557
0.3888888888888889
0.3925
0.32861111111111113
0.37194444444444447
0.39166666666666666
0.4255555555555556
0.36944444444444446
0.3475
0.32666666666666666
0.32611111111111113
0.3575
0.3236111111111111
0.3363888888888889
0.4036111111111111
0.29944444444444446
0.39222222222222225
0.38972222222222225
0.3575
0.35944444444444446
0.3836111111111111
0.39305555555555555
0.2866666666666667
0.3452777777777778
0.3552777777777778
0.30916666666666665
0.3458333333333333
0.36027777777777775
0.30777777777777776
0.3219444444444444
0.35555555555555557
0.4097222222222222
0.32805555555555554
0.32305555555555554
0.3408333333333333
0.3883333333333333
0.33166666666666667
0.3475
0.3725
0.3258333333333333
0.305
0.33111111111111113
0.31666666666666665
0.3061111111111111
0.25472222222222224
0.37444444444444447
0.3541666666666667
0.32055555555555554
0.3877777777777778
0.2822222222222222
0.3422222222222222
0.40555555555555556
0.3302777777777778
0.2436111111111111
0.26666666666666666
0.3252777777777778
0.3811111111111111
0.32
0.33805555555555555
0.29638888888888887
0.3463888888888889
0.29138888888888886
0.31472222222222224
0.40694444444444444
0.28
0.425
0.3136111111111111
0.4141666666666667
0.39666666666666667
0.32972222222222225
0.30527777777777776
0.2675
0.28055555555555556
0.27944444444444444
0.28194444444444444
0.25527777777777777
0.2727777777777778
0.26861111111111113
0.3055555555555556
0.29305555555555557
0.32
0.3472222222222222
0.26611111111111113
0.28888888888888886
0.22333333333333333
0.30277777777777776
0.3547222222222222
0.305
0.2972222222222222
0.37416666666666665
0.30972222222222223
0.2602777777777778
0.29194444444444445
0.3338888888888889
0.2675
0.3061111111111111
0.27694444444444444
0.31194444444444447
0.27305555555555555
0.2611111111111111
0.26361111111111113
0.3088888888888889
0.29833333333333334
0.30694444444444446
0.4375
0.2936111111111111
0.3411111111111111
0.31222222222222223
0.2811111111111111
0.3605555555555556
0.2902777777777778
0.2738888888888889
0.26694444444444443
0.39555555555555555
0.2813888888888889
0.27416666666666667
0.2727777777777778
0.2675
0.2916666666666667
0.2477777777777778
0.25166666666666665
0.28694444444444445
0.26222222222222225
0.2336111111111111
0.33
0.2633333333333333
0.24472222222222223
0.3047222222222222
0.30694444444444446
0.19972222222222222
0.265
0.3125
0.22972222222222222
0.27416666666666667
0.2563888888888889
0.32555555555555554
0.2544444444444444
0.45305555555555554
0.27694444444444444
0.30194444444444446
0.27444444444444444
0.2627777777777778
0.2477777777777778
0.30027777777777775
0.25472222222222224
0.24583333333333332
