138.54305555555555
187.38194444444446
141.7422222222222
125.10916666666667
157.66305555555556
224.34527777777777
164.7411111111111
130.325
205.32416666666666
184.64805555555554
126.05472222222222
206.36666666666667
190.20916666666668
168.125
164.39833333333334
157.49055555555555
176.01055555555556
138.74722222222223
240.2277777777778
123.9661111111111
231.77916666666667
159.775
154.485
108.64416666666666
72.285
159.12527777777777
120.37638888888888
124.21944444444445
267.63305555555553
113.59138888888889
122.60555555555555
423.4241666666667
89.56777777777778
108.87722222222222
154.88222222222223
120.33416666666666
103.53305555555555
131.8475
103.69833333333334
100.99694444444444
117.93027777777777
155.59916666666666
120.54138888888889
161.64388888888888
124.15305555555555
111.36472222222223
113.3638888888889
114.38416666666667
172.315
128.31861111111112
121.07472222222222
90.58111111111111
135.73583333333335
137.84555555555556
106.14722222222223
116.25194444444445
115.67027777777778
115.63277777777778
116.35138888888889
132.17638888888888
84.8275
99.35083333333333
79.03611111111111
73.65694444444445
79.04916666666666
87.82055555555556
122.0111111111111
70.44944444444444
120.76805555555555
117.39861111111111
86.38777777777777
90.98972222222223
99.36444444444444
68.18861111111111
82.23611111111111
72.69472222222223
152.58944444444444
99.86333333333333
93.77055555555556
142.51416666666665
97.17833333333333
70.56555555555556
59.422777777777775
94.23861111111111
78.65388888888889
86.1525
141.0102777777778
83.07333333333334
99.79
81.54388888888889
67.17111111111112
84.58777777777777
75.015
81.78916666666667
87.78833333333333
80.5025
85.67194444444445
80.25944444444444
74.73472222222222
55.31638888888889
99.45194444444445
89.93861111111111
94.33694444444444
144.58194444444445
118.55944444444444
80.19583333333334
156.02555555555554
72.60888888888888
76.81972222222223
96.87083333333334
104.63138888888889
74.36055555555555
56.32694444444444
73.92027777777778
67.95361111111112
118.87833333333333
66.64416666666666
84.22361111111111
82.905
88.39
83.54527777777778
65.64472222222223
69.36805555555556
75.40027777777777
62.507777777777775
95.1613888888889
71.60777777777778
68.40277777777777
114.52361111111111
58.415277777777774
73.26472222222222
61.52361111111111
119.93777777777778
91.71444444444444
56.09972222222222
64.30277777777778
70.07138888888889
67.19638888888889
79.58333333333333
135.9111111111111
42.46944444444444
102.54888888888888
54.615
66.48777777777778
53.01722222222222
93.4075
81.04777777777778
61.195
67.96972222222222
64.46055555555556
55.99138888888889
63.71361111111111
63.03194444444444
65.53333333333333
96.35944444444445
71.65638888888888
80.46777777777778
74.16027777777778
70.72944444444444
68.24027777777778
55.3525
52.39194444444445
75.73611111111111
53.465555555555554
42.716388888888886
49.30833333333333
55.352222222222224
62.06027777777778
98.1575
55.94694444444445
66.95527777777778
80.1425
141.33527777777778
52.477777777777774
78.8638888888889
66.805
71.4325
47.10166666666667
56.82666666666667
47.85166666666667
64.20527777777778
72.11527777777778
64.28222222222222
55.73916666666667
38.12916666666667
75.96388888888889
68.07083333333334
52.86888888888889
67.18888888888888
47.461666666666666
59.3225
98.89833333333333
41.820277777777775
55.065
60.06166666666667
49.89555555555555
62.528333333333336
54.423611111111114
49.26111111111111
64.34027777777777
60.27527777777778
70.99027777777778
62.23027777777778
62.55083333333334
40.290277777777774
46.62583333333333
67.75472222222223
68.09194444444445
91.51777777777778
40.827777777777776
70.65694444444445
36.50555555555555
90.91055555555556
53.21527777777778
43.890277777777776
71.5925
38.49194444444444
67.41444444444444
59.92944444444444
52.37083333333333
41.10638888888889
63.06527777777778
59.36972222222222
38.91361111111111
61.966944444444444
53.5475
51.3725
46.37305555555555
58.69277777777778
47.408611111111114
73.34027777777777
52.31361111111111
52.98111111111111
47.77777777777778
50.09
67.02666666666667
44.61833333333333
62.981944444444444
44.275
47.48888888888889
41.41166666666667
61.77
40.89833333333333
47.041666666666664
42.06583333333333
40.56805555555555
39.839166666666664
45.01166666666666
66.04527777777778
39.568333333333335
42.681666666666665
40.50805555555556
43.882777777777775
46.12583333333333
46.4475
48.73722222222222
49.60111111111111
33.78916666666667
50.4
48.698055555555555
58.955555555555556
40.909444444444446
42.49527777777778
53.4175
39.60194444444444
37.74722222222222
41.403055555555554
47.721111111111114
38.15277777777778
41.66694444444445
39.21388888888889
56.458888888888886
41.83722222222222
35.78055555555556
67.94361111111111
32.751666666666665
57.59972222222222
61.62027777777778
37.448055555555555
41.353611111111114
51.3325
31.41777777777778
44.22555555555556
49.69222222222222
40.903055555555554
32.44138888888889
44.18333333333333
44.782222222222224
33.35666666666667
51.196666666666665
36.39361111111111
46.628055555555555
33.10111111111111
39.102222222222224
32.01611111111111
32.37138888888889
43.48916666666667
43.46055555555556
35.63611111111111
43.88638888888889
41.059444444444445
43.547222222222224
35.85666666666667
49.120555555555555
41.72888888888889
32.92916666666667
52.97222222222222
41.74305555555556
64.78666666666666
34.283055555555556
35.61055555555556
38.24333333333333
42.755833333333335
33.09111111111111
53.2175
32.196666666666665
31.535555555555554
31.834722222222222
48.92305555555556
63.52361111111111
29.147777777777776
27.27138888888889
40.61472222222222
27.105
101.80361111111111
53.08694444444444
43.89277777777778
48.11555555555555
31.713055555555556
65.91944444444445
26.023055555555555
30.88388888888889
34.156666666666666
39.50666666666667
39.86
29.446944444444444
38.49388888888889
40.516666666666666
28.87472222222222
39.314166666666665
53.638888888888886
84.7875
65.07527777777777
36.5875
31.999166666666667
48.406666666666666
31.24222222222222
31.089444444444446
42.577222222222225
46.42444444444445
37.153055555555554
30.664444444444445
35.00333333333333
43.31777777777778
32.01083333333333
37.80583333333333
39.513333333333335
29.188055555555554
33.18361111111111
48.933055555555555
40.919444444444444
32.41388888888889
32.11944444444445
30.589166666666667
32.41861111111111
33.21888888888889
34.669444444444444
37.284444444444446
36.01722222222222
26.179444444444446
32.12027777777778
37.52166666666667
36.89361111111111
30.892777777777777
41.25805555555556
36.10722222222222
20.99222222222222
26.748055555555556
29.343611111111112
35.77194444444444
30.088055555555556
33.320277777777775
26.115277777777777
27.14138888888889
33.25666666666667
53.7725
27.1625
26.42888888888889
30.462777777777777
37.51555555555556
25.931944444444444
31.959444444444443
39.420833333333334
33.156666666666666
27.698055555555555
31.949444444444445
32.87361111111111
31.715555555555557
24.48
50.610277777777775
34.3925
25.094444444444445
35.00111111111111
26.741944444444446
35.740833333333335
34.76611111111111
29.426944444444445
26.164166666666667
24.299444444444443
59.34777777777778
31.22861111111111
31.48611111111111
38.93388888888889
31.064166666666665
31.54611111111111
28.855
28.456944444444446
50.16027777777778
25.308333333333334
44.506388888888885
28.225277777777777
38.89555555555555
35.85
30.682777777777776
26.614722222222223
24.192777777777778
27.816111111111113
28.791666666666668
30.57611111111111
25.231944444444444
24.094722222222224
23.37388888888889
29.920277777777777
28.655833333333334
28.60972222222222
39.564166666666665
25.939166666666665
24.973333333333333
23.305555555555557
27.033333333333335
31.821944444444444
29.99111111111111
28.5275
39.34972222222222
26.719166666666666
24.030833333333334
25.85638888888889
29.015
25.08416666666667
23.25777777777778
23.700833333333332
27.043333333333333
21.973333333333333
26.289444444444445
22.523333333333333
24.93166666666667
25.530833333333334
29.555555555555557
74.4
27.155555555555555
35.31
39.76583333333333
25.280555555555555
66.78166666666667
22.763333333333332
25.385
21.361666666666668
39.17888888888889
27.56277777777778
26.749166666666667
32.613055555555555
25.121666666666666
23.485
27.48638888888889
21.38111111111111
23.051111111111112
22.490555555555556
22.137777777777778
24.43138888888889
22.22361111111111
23.3175
26.182222222222222
26.826944444444443
18.29138888888889
47.24055555555555
27.529722222222222
19.544722222222223
22.0175
18.158333333333335
33.3825
25.044722222222223
75.4525
25.71638888888889
29.765555555555554
27.26527777777778
30.17972222222222
20.82111111111111
30.278333333333332
26.60388888888889
24.06138888888889
