1.2277777777777779
1.4638888888888888
1.1930555555555555
1.1
1.256388888888889
1.41
1.2877777777777777
1.0897222222222223
1.4638888888888888
1.2730555555555556
1.0825
1.4922222222222221
1.4194444444444445
1.3483333333333334
1.3144444444444445
1.2841666666666667
1.3641666666666667
1.1894444444444445
1.5455555555555556
1.073888888888889
1.5533333333333332
1.2125
1.2777777777777777
0.9663888888888889
0.7216666666666667
1.2605555555555557
1.043611111111111
0.9952777777777778
1.7958333333333334
1.0630555555555556
1.0891666666666666
2.0969444444444445
0.8605555555555555
0.8994444444444445
1.1997222222222221
0.9908333333333333
0.9786111111111111
1.0872222222222223
0.9527777777777777
0.9097222222222222
0.9936111111111111
1.2475
1.0016666666666667
1.2769444444444444
1.0083333333333333
0.8983333333333333
0.9633333333333334
0.9986111111111111
1.3033333333333332
1.1452777777777778
1.0125
0.8694444444444445
1.1233333333333333
1.076111111111111
0.9563888888888888
1.0038888888888888
1.0580555555555555
0.9158333333333334
0.975
1.105
0.755
0.9011111111111111
0.7319444444444444
0.745
0.7516666666666667
0.8086111111111111
1.015
0.7058333333333333
1.0030555555555556
0.9416666666666667
0.8602777777777778
0.8288888888888889
0.8866666666666667
0.6436111111111111
0.7636111111111111
0.7011111111111111
1.183888888888889
0.7736111111111111
0.8733333333333333
1.0930555555555554
0.845
0.6875
0.6094444444444445
0.7919444444444445
0.7522222222222222
0.7927777777777778
1.0438888888888889
0.7547222222222222
0.8575
0.7933333333333333
0.6913888888888889
0.6819444444444445
0.7063888888888888
0.7711111111111111
0.8602777777777778
0.6775
0.7411111111111112
0.7352777777777778
0.7055555555555556
0.5822222222222222
0.8691666666666666
0.8338888888888889
0.7652777777777777
0.9819444444444444
0.8844444444444445
0.7311111111111112
1.0244444444444445
0.7008333333333333
0.7247222222222223
0.8197222222222222
0.8113888888888889
0.7161111111111111
0.5838888888888889
0.6841666666666667
0.6702777777777778
0.9422222222222222
0.6655555555555556
0.7258333333333333
0.7727777777777778
0.7455555555555555
0.7552777777777778
0.6197222222222222
0.6666666666666666
0.6641666666666667
0.6141666666666666
0.7491666666666666
0.6827777777777778
0.6677777777777778
0.8438888888888889
0.5630555555555555
0.6741666666666667
0.6188888888888889
0.9305555555555556
0.7338888888888889
0.5511111111111111
0.6441666666666667
0.6425
0.64
0.6955555555555556
1.0055555555555555
0.46416666666666667
0.7508333333333334
0.5497222222222222
0.6491666666666667
0.5466666666666666
0.8102777777777778
0.7166666666666667
0.5902777777777778
0.6066666666666667
0.6005555555555555
0.5683333333333334
0.6138888888888889
0.6177777777777778
0.6483333333333333
0.8333333333333334
0.6386111111111111
0.6777777777777778
0.6591666666666667
0.6872222222222222
0.6511111111111111
0.5322222222222223
0.5508333333333333
0.6388888888888888
0.5319444444444444
0.4672222222222222
0.5380555555555555
0.5372222222222223
0.62
0.7252777777777778
0.5802777777777778
0.6202777777777778
0.6616666666666666
0.9305555555555556
0.5375
0.7069444444444445
0.6308333333333334
0.6433333333333333
0.4741666666666667
0.5441666666666667
0.5041666666666667
0.5741666666666667
0.6358333333333334
0.6075
0.5908333333333333
0.43222222222222223
0.6786111111111112
0.5872222222222222
0.5216666666666666
0.6469444444444444
0.5125
0.585
0.7519444444444444
0.45444444444444443
0.5483333333333333
0.6061111111111112
0.5227777777777778
0.5838888888888889
0.5422222222222223
0.5183333333333333
0.6086111111111111
0.6058333333333333
0.6227777777777778
0.6244444444444445
0.5652777777777778
0.4413888888888889
0.48527777777777775
0.6313888888888889
0.5877777777777777
0.7041666666666667
0.43027777777777776
0.6147222222222222
0.41555555555555557
0.6763888888888889
0.5291666666666667
0.44916666666666666
0.5708333333333333
0.4280555555555556
0.6288888888888889
0.5505555555555556
0.5313888888888889
0.45444444444444443
0.5422222222222223
0.5558333333333333
0.4288888888888889
0.5697222222222222
0.5438888888888889
0.5172222222222222
0.49416666666666664
0.5533333333333333
0.4688888888888889
0.6002777777777778
0.5372222222222223
0.5138888888888888
0.49416666666666664
0.485
0.5816666666666667
0.46111111111111114
0.5469444444444445
0.4572222222222222
0.4847222222222222
0.43527777777777776
0.5747222222222222
0.43805555555555553
0.47555555555555556
0.42916666666666664
0.44472222222222224
0.42
0.47
0.5444444444444444
0.4266666666666667
0.4513888888888889
0.41833333333333333
0.4525
0.4816666666666667
0.4716666666666667
0.5027777777777778
0.515
0.3925
0.49416666666666664
0.4988888888888889
0.5505555555555556
0.43472222222222223
0.46111111111111114
0.5302777777777777
0.42
0.38972222222222225
0.44083333333333335
0.47888888888888886
0.41694444444444445
0.4494444444444444
0.42194444444444446
0.5308333333333334
0.42388888888888887
0.3908333333333333
0.5941666666666666
0.3547222222222222
0.5411111111111111
0.5394444444444444
0.40805555555555556
0.42916666666666664
0.4727777777777778
0.3413888888888889
0.45861111111111114
0.4702777777777778
0.43083333333333335
0.3647222222222222
0.45305555555555554
0.46555555555555556
0.3661111111111111
0.47833333333333333
0.4041666666666667
0.45305555555555554
0.3763888888888889
0.4152777777777778
0.36083333333333334
0.3575
0.4438888888888889
0.4588888888888889
0.38416666666666666
0.4438888888888889
0.4280555555555556
0.44916666666666666
0.3858333333333333
0.4963888888888889
0.41805555555555557
0.37805555555555553
0.4913888888888889
0.4191666666666667
0.5563888888888889
0.37027777777777776
0.38
0.4177777777777778
0.43944444444444447
0.3661111111111111
0.4875
0.35
0.3611111111111111
0.35305555555555557
0.4411111111111111
0.5330555555555555
0.3313888888888889
0.31444444444444447
0.42777777777777776
0.32305555555555554
0.6452777777777777
0.4802777777777778
0.4513888888888889
0.44416666666666665
0.35138888888888886
0.5038888888888889
0.29
0.33166666666666667
0.3675
0.4127777777777778
0.41055555555555556
0.31916666666666665
0.41
0.42
0.3169444444444444
0.4027777777777778
0.47333333333333333
0.5808333333333333
0.5291666666666667
0.38666666666666666
0.35333333333333333
0.4825
0.345
0.35555555555555557
0.44277777777777777
0.4438888888888889
0.39694444444444443
0.3252777777777778
0.3894444444444444
0.41944444444444445
0.3502777777777778
0.3858333333333333
0.4025
0.32555555555555554
0.34944444444444445
0.44472222222222224
0.41694444444444445
0.3525
0.3522222222222222
0.3411111111111111
0.3486111111111111
0.355
0.35694444444444445
0.3819444444444444
0.38722222222222225
0.29944444444444446
0.34805555555555556
0.4061111111111111
0.38555555555555554
0.33194444444444443
0.4197222222222222
0.3869444444444444
0.255
0.2991666666666667
0.3233333333333333
0.37416666666666665
0.33555555555555555
0.37305555555555553
0.2927777777777778
0.3075
0.33805555555555555
0.4802777777777778
0.30333333333333334
0.2911111111111111
0.3233333333333333
0.38916666666666666
0.29388888888888887
0.3422222222222222
0.36777777777777776
0.3527777777777778
0.31194444444444447
0.3402777777777778
0.36083333333333334
0.3436111111111111
0.2808333333333333
0.45472222222222225
0.3586111111111111
0.2841666666666667
0.3636111111111111
0.30416666666666664
0.3586111111111111
0.36083333333333334
0.3202777777777778
0.2891666666666667
0.2797222222222222
0.41638888888888886
0.33694444444444444
0.32972222222222225
0.3811111111111111
0.32472222222222225
0.3375
0.30972222222222223
0.31472222222222224
0.4508333333333333
0.2786111111111111
0.41194444444444445
0.31166666666666665
0.37222222222222223
0.3763888888888889
0.32611111111111113
0.3005555555555556
0.2688888888888889
0.31055555555555553
0.31722222222222224
0.33166666666666667
0.2786111111111111
0.2791666666666667
0.27555555555555555
0.32
0.3202777777777778
0.30972222222222223
0.37194444444444447
0.2891666666666667
0.2902777777777778
0.2602777777777778
0.29333333333333333
0.3408333333333333
0.3244444444444444
0.3086111111111111
0.3622222222222222
0.3005555555555556
0.2713888888888889
0.2808333333333333
0.3136111111111111
0.28805555555555556
0.26805555555555555
0.2708333333333333
0.30666666666666664
0.2563888888888889
0.2783333333333333
0.2608333333333333
0.2783333333333333
0.2872222222222222
0.3063888888888889
0.505
0.2966666666666667
0.3472222222222222
0.355
0.27944444444444444
0.44722222222222224
0.25972222222222224
0.27805555555555556
0.2375
0.36083333333333334
0.28944444444444445
0.2836111111111111
0.3372222222222222
0.2886111111111111
0.2675
0.30666666666666664
0.2475
0.2619444444444444
0.2475
0.25055555555555553
0.2763888888888889
0.24805555555555556
0.25722222222222224
0.28944444444444445
0.2936111111111111
0.21805555555555556
0.395
0.3013888888888889
0.22444444444444445
0.25305555555555553
0.21833333333333332
0.3325
0.26805555555555555
0.5022222222222222
0.2825
0.30694444444444446
0.2922222222222222
0.3088888888888889
0.24083333333333334
0.3086111111111111
0.2936111111111111
0.26
