143.59333333333333
198.63472222222222
65.55583333333334
220.64333333333335
139.86638888888888
134.80027777777778
105.06027777777778
103.67527777777778
104.655
133.165
61.70361111111111
110.96527777777777
89.15416666666667
62.85916666666667
70.5475
99.02972222222222
76.40666666666667
82.39694444444444
76.24666666666667
45.32833333333333
95.40222222222222
78.82333333333334
57.312222222222225
51.19777777777778
44.3375
47.7875
38.17333333333333
48.05277777777778
36.45194444444444
31.045555555555556
