1.2780555555555555
1.4625
0.7022222222222222
1.468888888888889
1.041111111111111
0.9827777777777778
0.8911111111111111
0.9577777777777777
0.8969444444444444
1.0055555555555555
0.6594444444444445
0.97
0.8288888888888889
0.6347222222222222
0.6608333333333334
0.8358333333333333
0.7011111111111111
0.7602777777777778
0.7258333333333333
0.5183333333333333
0.8111111111111111
0.6902777777777778
0.5869444444444445
0.5347222222222222
0.5091666666666667
0.5191666666666667
0.4444444444444444
0.5261111111111111
0.4191666666666667
0.38555555555555554
