275.3636111111111
124.72222222222223
144.1638888888889
263.16833333333335
132.90027777777777
120.6986111111111
209.59694444444443
229.48527777777778
202.6638888888889
285.1386111111111
174.5038888888889
277.7911111111111
181.535
203.8138888888889
155.05305555555555
304.6222222222222
155.76083333333332
106.18222222222222
364.62416666666667
123.08277777777778
365.2941666666667
209.3736111111111
543.5422222222222
171.96
552.4069444444444
308.4925
184.72916666666666
226.8997222222222
164.88555555555556
179.19166666666666
229.46416666666667
226.79638888888888
192.4925
187.365
237.61555555555555
320.65194444444444
964.46
350.7680555555556
203.74027777777778
889.2605555555556
534.7541666666667
815.4394444444445
463.5836111111111
260.3575
168.51722222222222
524.9908333333333
738.6461111111112
245.92944444444444
781.5069444444445
203.37027777777777
425.90055555555557
171.96
138.94833333333332
192.84
289.38666666666666
236.39111111111112
169.72666666666666
218.39027777777778
394.3491666666667
508.82916666666665
482.72444444444443
400.1686111111111
282.2611111111111
431.72555555555556
286.3547222222222
248.51916666666668
371.7816666666667
580.375
788.9636111111112
513.7144444444444
560.4516666666667
225.54833333333335
558.9675
594.9369444444444
397.7561111111111
626.76
824.6094444444444
415.61333333333334
2262.0691666666667
154.31833333333333
148.87805555555556
178.62277777777777
188.36388888888888
2225.5172222222222
887.7936111111111
175.45888888888888
4037.862777777778
2885.9069444444444
5215.982222222222
1419.5266666666666
3560.1422222222222
9844.005833333333
15799.903055555556
4843.655
6468.319166666667
26287.238055555557
23651.95472222222
37971.81333333333
24874.31027777778
33195.42833333334
