2.7380555555555555
1.655
1.9272222222222222
2.6858333333333335
1.8816666666666666
1.8208333333333333
2.3758333333333335
2.2933333333333334
2.3619444444444446
2.9452777777777777
2.174166666666667
2.83
2.1330555555555555
2.3133333333333335
2.0597222222222222
3.175
1.9794444444444443
1.4141666666666666
3.365
1.626111111111111
3.2622222222222224
2.3255555555555554
4.433055555555556
2.028888888888889
4.283888888888889
3.203888888888889
2.2822222222222224
2.6158333333333332
2.131666666666667
2.1405555555555558
2.4880555555555555
2.1325
2.102777777777778
2.1233333333333335
2.556111111111111
2.88
5.103888888888889
3.3230555555555554
2.4002777777777777
5.1175
4.483888888888889
5.799722222222222
3.609722222222222
2.460277777777778
1.6788888888888889
3.6638888888888888
3.404166666666667
2.425
4.9525
2.258888888888889
3.6158333333333332
2.06
1.853611111111111
2.3408333333333333
2.930277777777778
2.6327777777777777
2.0708333333333333
2.1261111111111113
3.1355555555555554
3.648888888888889
4.0633333333333335
3.5008333333333335
2.6638888888888888
3.47
2.491388888888889
2.3072222222222223
3.1061111111111113
3.8116666666666665
3.1125
3.2777777777777777
3.687222222222222
2.0269444444444447
3.165
3.1144444444444446
2.1830555555555557
3.7058333333333335
4.944444444444445
2.7744444444444443
9.084166666666667
1.8363888888888888
1.7783333333333333
2.165277777777778
2.2222222222222223
9.645277777777778
5.334444444444444
2.1058333333333334
9.595555555555556
8.916666666666666
10.235555555555555
5.889444444444444
11.655277777777778
22.406944444444445
21.68138888888889
15.706944444444444
19.273611111111112
28.555833333333332
30.88361111111111
46.95611111111111
31.979166666666668
31.505
