0.9666832089424133
0.2708839178085327
0.17835739254951477
0.7079288959503174
0.4502434730529785
0.07075968384742737
0.22711439430713654
0.35919949412345886
0.2443780153989792
0.25629180669784546
0.7790874242782593
0.34423696994781494
0.41650938987731934
0.3911309838294983
0.21928012371063232
0.32915884256362915
0.3616841435432434
0.10422534495592117
0.5196249485015869
0.3907919228076935
0.30623143911361694
0.23762711882591248
0.48305195569992065
0.4542959928512573
0.2955401539802551
0.40323716402053833
0.16531306505203247
0.1292675882577896
0.1155548095703125
0.11336887627840042
0.11911822855472565
0.17741861939430237
0.22399766743183136
0.15697558224201202
0.24061861634254456
0.23295611143112183
1.5342209339141846
0.5929188132286072
0.21723663806915283
0.8149996399879456
0.9943324327468872
1.0002012252807617
0.8765126466751099
0.3500858545303345
0.22755984961986542
0.5214948058128357
1.4909353256225586
0.8655217885971069
0.8165683746337891
0.6542143821716309
0.5487563610076904
0.3263099193572998
0.08290299773216248
0.06485116481781006
0.16554969549179077
0.13681897521018982
0.16451051831245422
0.18630951642990112
0.18132168054580688
0.4146547019481659
0.566419243812561
0.4370619058609009
0.29037946462631226
0.21539488434791565
0.24578525125980377
0.25417664647102356
0.0947536751627922
0.2895629405975342
0.7075042724609375
1.0090099573135376
0.20837457478046417
0.18026769161224365
0.36474335193634033
1.1349984407424927
0.6988254189491272
0.3794825077056885
0.5222964882850647
0.495628297328949
1.9584521055221558
0.6069968938827515
0.764423131942749
0.07466253638267517
0.09670081734657288
0.6135401725769043
1.368567705154419
0.8172263503074646
2.7039241790771484
3.7631282806396484
2.1081960201263428
2.255894184112549
1.801256775856018
5.842143535614014
13.469070434570312
13.32453727722168
7.036250114440918
3.0305538177490234
10.082084655761719
7.416084289550781
4.879214286804199
14.083808898925781
