0.7384012937545776
0.14858148992061615
0.4888997972011566
0.9448312520980835
0.327781617641449
0.19244222342967987
0.20690178871154785
0.2840888202190399
0.3236585855484009
0.7285493612289429
0.5025216937065125
0.15398438274860382
0.11188448965549469
0.062291428446769714
0.16667483747005463
0.3115203380584717
0.22828072309494019
0.3538799583911896
0.29557502269744873
0.09135493636131287
0.21607932448387146
0.2172343134880066
0.3004986047744751
0.5148440599441528
0.4804251492023468
1.2418417930603027
0.23292763531208038
0.21802544593811035
0.11462311446666718
0.2355390191078186
0.17253665626049042
0.065953329205513
0.04373328387737274
0.07226112484931946
0.05370480194687843
0.04891505837440491
0.837847113609314
0.5659797191619873
0.05563000217080116
0.0999378189444542
0.17642638087272644
0.451208233833313
0.3307160437107086
0.1850714534521103
0.1059882864356041
0.10954564809799194
2.7204790115356445
7.2321271896362305
16.406883239746094
19.004810333251953
