151.6236111111111
131.32916666666668
244.37277777777777
315.5675
170.6286111111111
126.08638888888889
126.75916666666667
198.81194444444444
144.53944444444446
248.135
264.98
148.8075
178.29555555555555
108.24777777777778
236.06444444444443
253.65666666666667
210.30055555555555
283.9713888888889
262.29583333333335
113.22527777777778
366.91194444444443
206.29638888888888
290.34305555555557
519.0669444444444
378.7597222222222
590.6461111111112
529.4458333333333
187.95444444444445
197.9297222222222
763.3475
169.87555555555556
142.56555555555556
82.20972222222223
191.635
126.43777777777778
74.81222222222222
619.7088888888889
119.61555555555556
124.24944444444445
234.86916666666667
363.3597222222222
1013.9219444444444
158.13972222222222
194.20111111111112
148.50861111111112
146.46444444444444
2433.096666666667
5934.2827777777775
24670.27972222222
820.3483333333334
