1.9855555555555555
1.7875
2.7319444444444443
2.9680555555555554
2.2475
1.6875
1.7180555555555554
2.215
1.7347222222222223
2.4427777777777777
2.694166666666667
1.9047222222222222
2.023888888888889
1.6972222222222222
2.754722222222222
2.763611111111111
2.642777777777778
2.558333333333333
2.3858333333333333
1.5733333333333333
2.3991666666666664
1.9544444444444444
2.345
3.318611111111111
2.4266666666666667
4.469166666666666
4.275
2.3733333333333335
2.2419444444444445
4.0725
2.0680555555555555
1.9516666666666667
1.4366666666666668
2.421111111111111
1.7677777777777777
1.3175
3.055277777777778
1.7177777777777778
1.853888888888889
2.33
3.1705555555555556
5.4175
1.9205555555555556
2.1441666666666666
1.5819444444444444
1.5966666666666667
5.493888888888889
9.90638888888889
39.12305555555555
4.707222222222223
