1.345
1.1711111111111112
1.4044444444444444
1.225
0.9805555555555555
1.7361111111111112
0.865
1.0286111111111111
0.9833333333333333
1.1547222222222222
0.7952777777777778
0.8547222222222223
0.9908333333333333
0.6763888888888889
0.8327777777777777
1.0905555555555555
0.6897222222222222
0.8952777777777777
0.7608333333333334
0.8263888888888888
1.0744444444444445
0.8558333333333333
0.7383333333333333
0.6688888888888889
0.7169444444444445
0.5986111111111111
0.5808333333333333
0.7497222222222222
0.5908333333333333
0.6733333333333333
0.5888888888888889
0.6905555555555556
0.6825
0.6333333333333333
0.8086111111111111
0.5722222222222222
0.6213888888888889
0.5427777777777778
0.6166666666666667
0.6352777777777778
0.6619444444444444
0.5666666666666667
0.6116666666666667
0.5063888888888889
0.5838888888888889
0.5138888888888888
0.5994444444444444
0.6122222222222222
0.5455555555555556
0.4386111111111111
0.57
0.6252777777777778
0.49916666666666665
0.6322222222222222
0.5819444444444445
0.5341666666666667
0.48138888888888887
0.48777777777777775
0.49583333333333335
0.5111111111111111
0.4666666666666667
0.5125
0.43722222222222223
0.5113888888888889
0.44305555555555554
0.51
0.48638888888888887
0.4461111111111111
0.5572222222222222
0.4930555555555556
0.3763888888888889
0.43833333333333335
0.45611111111111113
0.4047222222222222
0.4325
0.4052777777777778
0.42027777777777775
0.45222222222222225
0.3363888888888889
0.44305555555555554
0.6061111111111112
0.37305555555555553
0.35944444444444446
0.40194444444444444
0.43583333333333335
0.4275
0.49722222222222223
0.3925
0.38472222222222224
0.4752777777777778
0.45222222222222225
0.42777777777777776
0.42333333333333334
0.3927777777777778
0.3738888888888889
0.3597222222222222
0.37555555555555553
0.5030555555555556
0.39305555555555555
0.2886111111111111
0.37305555555555553
0.4488888888888889
0.5119444444444444
0.43416666666666665
0.38861111111111113
0.38027777777777777
0.5866666666666667
0.3352777777777778
0.40694444444444444
0.4241666666666667
0.4266666666666667
0.3411111111111111
0.3463888888888889
0.3491666666666667
0.3013888888888889
0.45944444444444443
0.355
0.3491666666666667
0.36916666666666664
0.35
0.3786111111111111
0.34194444444444444
0.3383333333333333
0.3672222222222222
0.3516666666666667
0.33694444444444444
0.2911111111111111
0.3175
0.37527777777777777
0.23583333333333334
0.3372222222222222
0.28888888888888886
0.3202777777777778
0.32083333333333336
0.28444444444444444
0.2775
0.3547222222222222
0.2841666666666667
0.30444444444444446
0.3416666666666667
0.29777777777777775
0.3786111111111111
0.315
0.2877777777777778
0.36583333333333334
0.3436111111111111
0.3597222222222222
0.4247222222222222
0.3402777777777778
0.2947222222222222
0.31972222222222224
0.27666666666666667
0.3711111111111111
0.29388888888888887
0.2872222222222222
0.36833333333333335
0.3611111111111111
0.3561111111111111
0.3225
0.355
0.3011111111111111
0.30333333333333334
0.25277777777777777
0.2991666666666667
0.2975
0.2861111111111111
0.31472222222222224
0.2733333333333333
0.3725
0.3225
0.3236111111111111
0.31027777777777776
0.2761111111111111
0.26305555555555554
0.37194444444444447
0.2966666666666667
0.3547222222222222
0.26305555555555554
0.27805555555555556
0.24861111111111112
0.25583333333333336
0.35777777777777775
0.2847222222222222
0.28805555555555556
0.2577777777777778
0.2638888888888889
0.28305555555555556
0.36277777777777775
0.2733333333333333
0.2802777777777778
0.26416666666666666
0.28805555555555556
0.2708333333333333
0.29055555555555557
0.28555555555555556
0.31277777777777777
0.3763888888888889
0.3055555555555556
0.3163888888888889
0.2966666666666667
0.25916666666666666
0.31916666666666665
0.31083333333333335
0.2608333333333333
0.27055555555555555
0.2561111111111111
0.31
0.2791666666666667
0.4647222222222222
0.2575
0.3022222222222222
0.22527777777777777
0.3883333333333333
0.2902777777777778
0.27944444444444444
0.28555555555555556
0.25583333333333336
0.39611111111111114
0.32
0.23916666666666667
0.25722222222222224
0.3397222222222222
0.2788888888888889
0.2825
0.2986111111111111
0.26055555555555554
0.2697222222222222
0.24722222222222223
0.315
0.25222222222222224
0.3275
0.24972222222222223
0.22805555555555557
0.24972222222222223
0.3063888888888889
0.345
0.35083333333333333
0.3322222222222222
0.28583333333333333
0.2747222222222222
0.3016666666666667
0.3811111111111111
0.27555555555555555
0.27944444444444444
0.2847222222222222
0.23166666666666666
0.2772222222222222
0.26361111111111113
0.31222222222222223
0.2775
0.26222222222222225
0.24888888888888888
0.2633333333333333
0.2825
0.3036111111111111
0.2936111111111111
0.2702777777777778
0.22305555555555556
0.2941666666666667
0.3063888888888889
0.3413888888888889
0.2311111111111111
0.2980555555555556
0.29388888888888887
0.30027777777777775
0.24
0.23805555555555555
0.24055555555555555
0.24583333333333332
0.2275
0.3088888888888889
0.3013888888888889
0.25666666666666665
0.2575
0.3536111111111111
0.21138888888888888
0.35888888888888887
0.30027777777777775
0.25194444444444447
0.255
0.29083333333333333
0.26055555555555554
0.2783333333333333
0.29
0.25305555555555553
0.24194444444444443
0.3138888888888889
0.2863888888888889
0.2911111111111111
0.35138888888888886
0.29527777777777775
0.2625
0.2722222222222222
0.25194444444444447
0.2761111111111111
0.2452777777777778
0.29583333333333334
0.3136111111111111
0.31166666666666665
0.2738888888888889
0.2980555555555556
0.29694444444444446
0.2802777777777778
0.29555555555555557
0.3186111111111111
0.22777777777777777
0.39444444444444443
0.25666666666666665
0.3875
0.2038888888888889
0.2802777777777778
0.2477777777777778
0.28
0.2911111111111111
0.31277777777777777
0.3161111111111111
0.26361111111111113
0.2275
0.31527777777777777
0.44972222222222225
0.2619444444444444
0.24055555555555555
0.2752777777777778
0.21972222222222224
0.3625
0.36583333333333334
0.2663888888888889
0.23805555555555555
0.2866666666666667
0.31777777777777777
0.24166666666666667
0.295
0.2747222222222222
0.33666666666666667
0.24444444444444444
0.2222222222222222
0.27416666666666667
0.26166666666666666
0.22055555555555556
0.3055555555555556
0.3063888888888889
0.34194444444444444
0.37805555555555553
0.26722222222222225
0.25833333333333336
0.2936111111111111
0.2336111111111111
0.2452777777777778
0.2791666666666667
0.35138888888888886
0.29888888888888887
0.2733333333333333
0.2847222222222222
0.3061111111111111
0.2677777777777778
0.2875
0.26222222222222225
0.24555555555555555
0.2652777777777778
0.3252777777777778
0.34
0.24083333333333334
0.23083333333333333
0.24833333333333332
0.26361111111111113
0.2713888888888889
0.2569444444444444
0.29083333333333333
0.3358333333333333
0.22833333333333333
0.275
0.3413888888888889
0.2525
0.2561111111111111
0.42083333333333334
0.30083333333333334
0.21388888888888888
0.2594444444444444
0.22777777777777777
0.265
0.25027777777777777
0.27
0.26666666666666666
0.24916666666666668
0.25166666666666665
0.33166666666666667
0.2511111111111111
0.25527777777777777
0.2513888888888889
0.2925
0.24972222222222223
0.29055555555555557
0.3138888888888889
0.2733333333333333
0.26861111111111113
0.30916666666666665
0.25
0.26666666666666666
0.2386111111111111
0.36944444444444446
0.29055555555555557
0.24555555555555555
0.2727777777777778
0.25805555555555554
0.25805555555555554
0.34694444444444444
0.29527777777777775
0.2361111111111111
0.24416666666666667
0.3502777777777778
0.2872222222222222
0.27166666666666667
0.3327777777777778
0.3388888888888889
0.28555555555555556
0.2986111111111111
0.26666666666666666
0.43194444444444446
0.2038888888888889
0.37666666666666665
0.23055555555555557
0.3861111111111111
0.3233333333333333
0.29388888888888887
0.2797222222222222
0.25194444444444447
0.2511111111111111
0.2961111111111111
0.27111111111111114
0.2375
0.2275
0.26944444444444443
0.26805555555555555
0.24916666666666668
0.2775
0.29388888888888887
0.2152777777777778
0.2675
0.24583333333333332
0.29777777777777775
0.3325
0.2619444444444444
0.2775
0.3536111111111111
0.24722222222222223
0.22055555555555556
0.2813888888888889
0.26222222222222225
0.25305555555555553
0.2608333333333333
0.24388888888888888
0.3013888888888889
0.21194444444444444
0.2702777777777778
0.2722222222222222
0.2738888888888889
0.2513888888888889
0.2613888888888889
0.5625
0.26722222222222225
0.3422222222222222
0.3413888888888889
0.3022222222222222
0.365
0.25472222222222224
0.2738888888888889
0.22277777777777777
0.3377777777777778
0.2708333333333333
0.2702777777777778
0.3258333333333333
0.27444444444444444
0.2872222222222222
0.30944444444444447
0.26916666666666667
0.295
0.2708333333333333
0.2411111111111111
0.33555555555555555
0.2758333333333333
0.26555555555555554
0.26555555555555554
0.26055555555555554
0.20944444444444443
0.4702777777777778
0.3086111111111111
0.23805555555555555
0.3227777777777778
0.2511111111111111
0.32416666666666666
0.2658333333333333
0.43166666666666664
0.2747222222222222
0.2825
0.2927777777777778
0.2836111111111111
0.23722222222222222
0.29638888888888887
0.275
0.29333333333333333
