168.8075
145.7511111111111
175.46055555555554
147.47472222222223
106.57277777777777
299.4302777777778
94.665
117.07861111111112
126.91777777777777
141.23
79.57166666666667
101.51388888888889
111.08944444444444
70.515
89.07055555555556
152.71194444444444
65.67388888888888
117.88194444444444
77.00722222222223
85.72277777777778
150.0222222222222
94.325
76.37333333333333
64.17083333333333
69.39111111111112
57.91027777777778
55.55111111111111
81.85166666666667
58.733333333333334
64.45194444444445
53.136944444444445
80.00083333333333
80.60777777777778
72.59916666666666
102.42361111111111
54.545
62.85666666666667
51.54083333333333
59.636944444444445
64.155
72.28916666666667
56.32138888888889
60.20333333333333
49.3275
57.10055555555556
51.12083333333333
69.0838888888889
58.348055555555554
61.34638888888889
37.52472222222222
53.75833333333333
61.690555555555555
45.85638888888889
66.3711111111111
62.5475
49.03
44.493611111111115
42.970555555555556
48.53333333333333
44.63861111111111
43.88388888888889
49.850833333333334
38.210277777777776
48.286944444444444
37.48027777777778
48.196666666666665
51.04527777777778
44.05222222222222
61.31666666666667
49.33638888888889
31.788055555555555
38.995555555555555
43.33222222222222
35.28611111111111
41.295
36.944722222222225
38.57472222222222
43.2575
28.627777777777776
42.885
82.06861111111111
32.908055555555556
32.990833333333335
37.2575
47.96083333333333
38.63388888888889
46.801944444444445
34.48416666666667
33.85722222222222
44.974444444444444
50.29361111111111
40.819722222222225
37.21611111111111
35.400555555555556
34.78194444444444
30.96361111111111
33.65833333333333
49.867222222222225
34.844166666666666
23.464444444444446
36.138333333333335
46.93194444444445
51.92861111111111
40.88027777777778
35.41861111111111
34.81583333333333
65.1361111111111
28.384166666666665
37.31111111111111
36.76361111111111
40.59111111111111
28.878333333333334
30.7775
29.75777777777778
26.1175
42.285833333333336
30.980833333333333
31.225833333333334
33.064166666666665
31.121111111111112
34.87166666666667
30.81888888888889
30.0475
32.535833333333336
31.676111111111112
32.20111111111111
24.93777777777778
28.776944444444446
38.39611111111111
19.354166666666668
31.525833333333335
25.531111111111112
29.14472222222222
30.019444444444446
23.72138888888889
22.66638888888889
32.39472222222222
23.9625
26.721666666666668
30.16
25.514722222222222
35.05083333333334
27.50722222222222
23.830277777777777
32.4675
31.21361111111111
32.42166666666667
42.090555555555554
29.163333333333334
24.266666666666666
26.946666666666665
23.432222222222222
33.52972222222222
25.58388888888889
24.413611111111113
34.43611111111111
33.7925
33.683055555555555
29.57
33.348333333333336
25.854444444444443
25.82888888888889
22.65
27.96527777777778
27.03527777777778
25.496944444444445
28.65111111111111
23.460277777777776
35.6975
29.15388888888889
27.714444444444446
26.315277777777776
23.643333333333334
22.656944444444445
37.48
26.378888888888888
32.61833333333333
21.555
23.833333333333332
20.596666666666668
21.8075
33.83305555555555
24.948055555555555
23.059444444444445
20.385277777777777
23.319166666666668
23.646944444444443
34.31638888888889
22.613611111111112
22.11777777777778
20.892222222222223
24.25888888888889
22.744444444444444
24.662222222222223
24.835277777777776
28.30027777777778
39.18861111111111
27.669722222222223
28.40361111111111
25.684166666666666
20.9325
28.389722222222222
29.218333333333334
23.546388888888888
22.899166666666666
21.61916666666667
28.642777777777777
22.968333333333334
51.30305555555555
21.628888888888888
27.351666666666667
18.099722222222223
42.53777777777778
26.298055555555557
24.908333333333335
24.63388888888889
22.11861111111111
43.16583333333333
32.225833333333334
19.363055555555555
20.77138888888889
31.1725
23.848333333333333
23.080555555555556
27.55638888888889
22.34027777777778
23.595
21.309166666666666
30.572777777777777
20.381944444444443
32.264722222222225
21.810277777777777
17.9725
21.423055555555557
26.746666666666666
33.64111111111111
44.07111111111111
37.97472222222222
24.069166666666668
23.528333333333332
25.116944444444446
40.818333333333335
22.864444444444445
23.754166666666666
26.008055555555554
19.095555555555556
22.524166666666666
22.383055555555554
28.20138888888889
22.50777777777778
21.72861111111111
21.36777777777778
22.594722222222224
24.41777777777778
27.518055555555556
26.407777777777778
25.579444444444444
17.858888888888888
28.145833333333332
28.518333333333334
37.39361111111111
18.085
26.933055555555555
25.515555555555554
26.690277777777776
20.921666666666667
20.060277777777777
19.61777777777778
20.119444444444444
18.428055555555556
27.558055555555555
26.280555555555555
22.303333333333335
22.150555555555556
32.39611111111111
16.307777777777776
33.07138888888889
27.59888888888889
21.86888888888889
21.504166666666666
24.820555555555554
22.425833333333333
24.746666666666666
27.149722222222223
22.10611111111111
19.830833333333334
31.169722222222223
25.711111111111112
25.077222222222222
36.40555555555556
27.93
22.86722222222222
24.85472222222222
22.40861111111111
24.343333333333334
20.46638888888889
24.8775
28.660555555555554
29.843611111111112
23.263055555555557
25.773888888888887
26.10972222222222
23.863888888888887
26.32888888888889
29.649722222222223
19.24861111111111
40.11388888888889
22.362222222222222
39.66444444444444
15.887777777777778
23.69638888888889
20.41111111111111
25.85472222222222
26.69388888888889
30.02027777777778
30.406111111111112
22.431944444444444
19.394166666666667
28.080833333333334
62.94361111111111
23.040277777777778
19.20111111111111
24.713055555555556
18.03388888888889
36.062222222222225
38.595555555555556
23.416666666666668
20.641111111111112
26.029166666666665
29.81111111111111
20.565
26.703611111111112
24.183888888888887
34.62083333333333
21.406944444444445
18.115
24.031111111111112
23.368333333333332
18.689722222222223
27.454722222222223
28.84138888888889
33.64194444444445
42.24722222222222
22.2575
22.91583333333333
26.765555555555554
21.1925
20.57
24.084722222222222
33.54277777777778
26.407777777777778
23.513055555555557
24.823611111111113
27.465
22.364722222222223
25.0625
23.269444444444446
20.77722222222222
21.9225
32.96222222222222
33.42916666666667
20.033333333333335
19.064722222222223
21.551944444444445
23.60611111111111
23.968888888888888
21.898888888888887
25.921944444444446
29.958333333333332
19.4125
24.150833333333335
32.31583333333333
22.775277777777777
20.783055555555556
40.132222222222225
28.164166666666667
17.0775
21.943055555555556
19.387777777777778
23.720833333333335
20.450833333333332
21.73777777777778
23.6325
20.713333333333335
21.12388888888889
31.19472222222222
20.861944444444443
21.99388888888889
21.30527777777778
26.210833333333333
20.173333333333332
24.863333333333333
32.83222222222222
22.892222222222223
23.18638888888889
27.77027777777778
20.834722222222222
24.224444444444444
19.66611111111111
37.1975
24.90277777777778
20.014722222222222
23.6275
22.51527777777778
21.81111111111111
36.346666666666664
26.25611111111111
19.165277777777778
20.361944444444443
37.93416666666667
25.625
23.168055555555554
30.005277777777778
33.79638888888889
25.504722222222224
27.70861111111111
23.29083333333333
47.36333333333334
16.44
41.77722222222222
19.566111111111113
43.791666666666664
31.225555555555555
27.34722222222222
25.149722222222223
21.92222222222222
22.668333333333333
25.811944444444446
24.191388888888888
20.674722222222222
19.338055555555556
23.304444444444446
23.126944444444444
21.830555555555556
23.657777777777778
27.29722222222222
17.37611111111111
22.434444444444445
21.68
28.203055555555554
30.335555555555555
23.810833333333335
23.729166666666668
39.60805555555555
20.43166666666667
17.843055555555555
23.949166666666667
21.663333333333334
20.2975
22.751944444444444
20.11777777777778
25.269166666666667
17.096666666666668
23.947777777777777
23.665277777777778
23.814722222222223
21.775
23.110833333333332
98.27638888888889
22.226666666666667
31.3675
36.41388888888889
26.40277777777778
37.39138888888889
22.49111111111111
26.94361111111111
18.166944444444443
34.41111111111111
22.82888888888889
23.322222222222223
29.142777777777777
23.557222222222222
24.454444444444444
26.575
24.17888888888889
26.02611111111111
25.586388888888887
20.82777777777778
30.649444444444445
24.108888888888888
23.710833333333333
22.38888888888889
22.2175
16.888333333333332
89.2925
26.458055555555557
19.721666666666668
31.01638888888889
20.679166666666667
33.344722222222224
22.557222222222222
45.90555555555556
23.014166666666668
24.373055555555556
26.296666666666667
24.383333333333333
18.80472222222222
27.635555555555555
23.656388888888888
27.81888888888889
