106.06777777777778
132.8563888888889
114.06277777777778
118.7775
126.1288888888889
257.0975
74.38722222222222
112.8788888888889
64.87611111111111
105.39111111111112
58.19888888888889
73.94083333333333
68.37055555555555
51.72611111111111
55.524166666666666
59.34027777777778
55.45916666666667
72.08694444444444
56.05388888888889
53.475833333333334
55.613055555555555
49.721111111111114
42.65888888888889
52.911944444444444
39.77055555555555
45.153333333333336
32.77111111111111
44.82833333333333
33.22833333333333
33.88
