0.9775
1.1833333333333333
1.035
1.0308333333333333
0.9772222222222222
1.4502777777777778
0.7738888888888888
0.84
0.6538888888888889
0.8497222222222223
0.5966666666666667
0.6766666666666666
0.6527777777777778
0.5388888888888889
0.5780555555555555
0.5958333333333333
0.5716666666666667
0.6277777777777778
0.5469444444444445
0.5513888888888889
0.5469444444444445
0.5130555555555556
0.4672222222222222
0.5261111111111111
0.4486111111111111
0.49527777777777776
0.3763888888888889
0.4563888888888889
0.3933333333333333
0.36694444444444446
