161.2313888888889
175.28305555555556
94.44472222222223
98.60111111111111
116.40277777777777
166.2975
97.98527777777778
86.70555555555555
97.37305555555555
117.97666666666667
69.425
71.74305555555556
78.0436111111111
60.02444444444444
60.742777777777775
82.60194444444444
50.68527777777778
83.7575
55.76583333333333
47.668055555555554
120.2136111111111
50.80888888888889
49.40083333333333
37.32472222222222
37.414722222222224
44.44416666666667
34.701388888888886
33.485277777777775
37.06777777777778
28.103055555555557
