1.2794444444444444
1.3091666666666666
0.9241666666666667
0.9077777777777778
0.9438888888888889
1.2036111111111112
0.9411111111111111
0.8508333333333333
0.7772222222222223
0.8113888888888889
0.6438888888888888
0.7463888888888889
0.6891666666666667
0.6255555555555555
0.5958333333333333
0.7291666666666666
0.5377777777777778
0.7308333333333333
0.5563888888888889
0.5313888888888889
0.8172222222222222
0.5241666666666667
0.5147222222222222
0.42138888888888887
0.42027777777777775
0.4777777777777778
0.4141666666666667
0.3977777777777778
0.41444444444444445
0.3283333333333333
