27.163333333333334
22.455833333333334
28.475833333333334
26.37611111111111
28.935555555555556
21.861666666666668
24.161944444444444
22.33
26.985555555555557
30.029722222222222
21.6575
31.785555555555554
26.42527777777778
24.3425
30.80027777777778
34.62611111111111
29.200277777777778
33.10444444444445
23.731944444444444
26.633055555555554
26.429444444444446
28.606944444444444
34.7475
26.701666666666668
31.982777777777777
21.448611111111113
31.05638888888889
22.94361111111111
23.945555555555554
26.935833333333335
27.440833333333334
24.011111111111113
26.676111111111112
32.22888888888889
24.69
20.592222222222222
29.613888888888887
19.33111111111111
25.538055555555555
38.70638888888889
34.456944444444446
23.816944444444445
22.538333333333334
33.598333333333336
28.822222222222223
31.15861111111111
25.51527777777778
28.16638888888889
20.611944444444443
20.656111111111112
26.788888888888888
22.016944444444444
24.627777777777776
22.918333333333333
23.391666666666666
26.16861111111111
21.976111111111113
33.42055555555555
27.06833333333333
20.843611111111112
25.365
19.752222222222223
27.07777777777778
27.634722222222223
24.643333333333334
28.906666666666666
29.054166666666667
27.985833333333332
26.923055555555557
26.394444444444446
23.156111111111112
26.71361111111111
28.25138888888889
26.910833333333333
27.046944444444446
25.843333333333334
27.83972222222222
28.74111111111111
26.650555555555556
25.46388888888889
28.368333333333332
18.31361111111111
26.53527777777778
25.525277777777777
25.40138888888889
20.387777777777778
26.546388888888888
26.495555555555555
24.157777777777778
23.93138888888889
26.668055555555554
22.76888888888889
31.816944444444445
20.54388888888889
18.68777777777778
20.795833333333334
26.127777777777776
23.58361111111111
18.6825
17.77722222222222
19.139722222222222
32.55361111111111
22.50638888888889
20.45777777777778
20.698611111111113
28.4925
25.432777777777776
19.341944444444444
25.192222222222224
24.711944444444445
25.06861111111111
18.43722222222222
23.675
21.01638888888889
27.895833333333332
26.7625
21.823888888888888
17.578055555555554
16.989444444444445
23.13361111111111
23.863333333333333
23.910833333333333
20.033333333333335
27.82611111111111
16.433888888888887
28.7175
28.14388888888889
20.44472222222222
23.85
17.051944444444445
27.32638888888889
22.72861111111111
30.464444444444446
23.948611111111113
18.877222222222223
20.252777777777776
28.64361111111111
21.031111111111112
21.780277777777776
16.891666666666666
24.338055555555556
25.718333333333334
21.256944444444443
25.413888888888888
19.50861111111111
25.519166666666667
25.067777777777778
20.16
23.438333333333333
18.63888888888889
21.453055555555554
21.44611111111111
17.595
19.530555555555555
23.182222222222222
23.416944444444443
26.421944444444446
23.360555555555557
15.581111111111111
16.531111111111112
19.149722222222223
23.905277777777776
20.043055555555554
19.570833333333333
23.2175
14.678333333333333
19.086388888888887
19.40111111111111
25.27638888888889
17.932777777777776
21.6325
15.546666666666667
21.4475
16.49277777777778
27.014444444444443
18.805833333333332
21.280555555555555
25.031388888888888
18.740277777777777
16.52777777777778
23.004722222222224
17.1175
17.92222222222222
22.14138888888889
23.679444444444446
18.37472222222222
15.560555555555556
23.95638888888889
22.91611111111111
20.065277777777776
20.265555555555554
21.98638888888889
18.621666666666666
21.58388888888889
19.640833333333333
26.416944444444443
17.871944444444445
18.592222222222222
17.033055555555556
18.184166666666666
22.426666666666666
17.31361111111111
13.785277777777777
17.349722222222223
14.578055555555556
12.369444444444444
20.439722222222223
16.545555555555556
16.808055555555555
17.676666666666666
16.342222222222222
15.893611111111111
30.077222222222222
15.920277777777779
20.950833333333332
29.513055555555557
20.888333333333332
15.959722222222222
15.487222222222222
15.771944444444445
18.404444444444444
22.749444444444446
16.231666666666666
21.976944444444445
17.44333333333333
21.23111111111111
15.230833333333333
24.72138888888889
20.598055555555554
21.66583333333333
24.930555555555557
13.205833333333333
16.653055555555557
18.824444444444445
15.330833333333333
16.21361111111111
19.408333333333335
16.359166666666667
20.734166666666667
19.20611111111111
21.429166666666667
18.41027777777778
20.510555555555555
16.18
22.767777777777777
20.83277777777778
19.91888888888889
21.746666666666666
19.8325
18.518055555555556
17.528055555555557
21.378888888888888
19.371388888888887
19.983333333333334
19.634166666666665
20.708333333333332
20.054444444444446
14.870277777777778
14.344166666666666
17.058611111111112
18.376666666666665
15.306111111111111
17.081944444444446
16.996666666666666
15.996944444444445
17.47361111111111
19.25111111111111
18.273888888888887
17.744722222222222
17.121944444444445
16.06138888888889
15.31611111111111
18.973333333333333
16.565833333333334
18.81111111111111
11.989166666666666
16.848055555555554
16.768055555555556
13.786388888888888
20.569166666666668
16.955277777777777
15.424444444444445
18.051944444444445
18.11916666666667
15.653333333333334
12.17361111111111
14.053611111111111
15.11
16.903055555555557
16.05
19.689722222222223
18.329444444444444
15.143888888888888
12.441666666666666
18.067777777777778
14.730833333333333
16.370833333333334
18.263333333333332
15.22861111111111
16.4525
15.37861111111111
18.66861111111111
16.483055555555556
18.197777777777777
13.66611111111111
19.95277777777778
17.4175
15.129722222222222
16.856944444444444
14.200833333333334
15.12861111111111
16.56138888888889
17.620277777777776
18.074444444444445
13.884722222222223
15.53888888888889
13.805277777777778
13.6475
15.457222222222223
13.85388888888889
13.108611111111111
12.624166666666667
16.171388888888888
17.190555555555555
14.779722222222222
16.488333333333333
15.394166666666667
14.53111111111111
18.27166666666667
16.56888888888889
15.283333333333333
15.598333333333333
15.043333333333333
18.433055555555555
19.791944444444443
12.24611111111111
14.4725
16.764444444444443
16.47972222222222
17.473333333333333
19.531111111111112
14.445555555555556
18.682777777777776
20.843055555555555
14.792777777777777
15.639444444444445
14.283055555555556
13.435277777777777
18.775555555555556
17.15361111111111
14.8725
15.469166666666666
14.616388888888888
14.548055555555555
14.44361111111111
13.396944444444445
12.626944444444444
11.022777777777778
14.753333333333334
17.8175
17.148611111111112
12.674722222222222
15.518888888888888
15.64861111111111
13.447222222222223
10.4425
13.279722222222222
16.894166666666667
14.346666666666666
14.676944444444445
17.238055555555555
17.3375
13.955555555555556
13.79888888888889
16.235277777777778
17.753611111111113
12.752777777777778
15.84388888888889
17.21611111111111
13.403888888888888
12.528055555555556
16.065833333333334
12.985833333333334
13.738333333333333
12.446388888888889
16.595
11.07611111111111
13.996944444444445
11.105
13.707777777777778
12.879444444444445
16.725555555555555
17.16583333333333
12.737777777777778
17.311666666666667
17.240277777777777
17.583055555555557
14.7725
11.294722222222223
21.61138888888889
10.876111111111111
14.313888888888888
13.685277777777777
11.896666666666667
9.804722222222223
13.596111111111112
13.467777777777778
12.432222222222222
12.32638888888889
14.783611111111112
10.021944444444445
13.051944444444445
15.455833333333333
15.749722222222223
11.198611111111111
13.62138888888889
13.711388888888889
14.155833333333334
9.45
17.136944444444445
14.617777777777778
13.268333333333333
14.910555555555556
11.5925
12.911388888888888
13.095
10.763055555555555
13.671666666666667
15.01
10.975
11.387777777777778
11.619166666666667
13.52
12.251666666666667
13.271666666666667
14.415277777777778
14.969166666666666
12.913611111111111
16.61722222222222
17.288611111111113
14.297777777777778
15.178333333333333
12.290277777777778
14.45138888888889
13.220277777777778
16.843888888888888
11.571944444444444
9.427777777777777
11.880833333333333
13.010555555555555
14.855277777777777
12.08611111111111
11.515833333333333
14.10138888888889
11.503055555555555
15.272222222222222
12.591944444444444
14.993611111111111
15.465555555555556
9.998055555555556
15.57
13.215833333333334
14.164722222222222
13.679722222222223
11.9075
12.569444444444445
14.216944444444444
12.977222222222222
11.656666666666666
9.959722222222222
13.485277777777778
11.7825
10.584166666666667
13.937222222222223
17.526944444444446
13.015277777777778
14.261388888888888
13.801944444444445
13.379722222222222
13.69
9.572777777777778
21.629722222222224
15.166666666666666
10.096666666666666
13.823611111111111
10.581666666666667
11.430833333333334
12.396666666666667
14.56611111111111
15.810555555555556
13.9725
15.453888888888889
15.53111111111111
12.68
11.580833333333333
13.73
11.290833333333333
15.002222222222223
11.080277777777777
12.156666666666666
11.073333333333334
16.418055555555554
11.445833333333333
11.817222222222222
12.258333333333333
12.865277777777777
13.7075
16.219444444444445
13.089444444444444
11.096944444444444
15.634444444444444
15.10361111111111
11.596944444444444
14.08611111111111
15.465
12.207222222222223
14.21111111111111
13.879444444444445
11.778055555555556
14.351666666666667
12.420277777777779
10.025833333333333
13.203888888888889
14.373333333333333
14.958055555555555
10.668055555555556
15.79
9.4975
10.969166666666666
11.935
11.604444444444445
12.126666666666667
11.198055555555555
12.381388888888889
11.964444444444444
13.362777777777778
13.207222222222223
13.99611111111111
11.4375
16.613333333333333
13.909722222222221
11.320833333333333
13.045277777777779
12.820277777777777
12.438611111111111
14.508888888888889
11.769722222222223
11.4775
10.485555555555555
11.706111111111111
13.166944444444445
10.348333333333333
11.73638888888889
11.276388888888889
14.245
11.811111111111112
12.983888888888888
12.461944444444445
9.677222222222222
10.80638888888889
13.325277777777778
13.783055555555556
13.162777777777778
13.825277777777778
10.458333333333334
11.735
9.459722222222222
10.9575
14.606666666666667
12.458055555555555
11.667222222222222
10.970555555555556
13.483611111111111
13.181111111111111
12.0825
11.499444444444444
10.9025
13.866666666666667
8.045277777777779
14.310833333333333
12.399444444444445
10.751666666666667
8.6525
7.960277777777778
13.687222222222223
12.377222222222223
13.153888888888888
13.474722222222223
10.445
11.583055555555555
12.294722222222223
11.909722222222221
12.552777777777777
10.252222222222223
15.821944444444444
10.757222222222222
14.743055555555555
10.8925
10.571666666666667
12.355555555555556
10.48
13.1775
10.020555555555555
11.936111111111112
11.37
12.520555555555555
13.1
11.748611111111112
11.53111111111111
9.79888888888889
13.239722222222222
10.440555555555555
12.096944444444444
13.222222222222221
14.259444444444444
10.494722222222222
13.21861111111111
11.7525
12.35361111111111
15.365555555555556
12.912777777777778
13.477777777777778
13.6975
13.997777777777777
14.536111111111111
12.585
14.868333333333334
11.94
12.663055555555555
14.808055555555555
12.321388888888889
10.709722222222222
13.977777777777778
13.759722222222223
11.79
14.215833333333334
10.93138888888889
11.483611111111111
13.633611111111112
11.659722222222221
9.985555555555555
11.104166666666666
13.884722222222223
9.823611111111111
11.0525
12.089444444444444
10.988888888888889
12.053055555555556
10.784722222222221
11.48638888888889
11.3025
11.445555555555556
13.527222222222223
11.440833333333334
14.11111111111111
12.410833333333333
11.366944444444444
10.994166666666667
12.008611111111112
15.797222222222222
12.400277777777777
10.014166666666666
11.380277777777778
11.867222222222223
12.405555555555555
12.12888888888889
12.286111111111111
11.743611111111111
13.235555555555555
13.849444444444444
13.578888888888889
10.978055555555555
10.5625
11.525555555555556
11.659722222222221
11.0475
11.517222222222221
12.179166666666667
11.019166666666667
8.338611111111112
13.940277777777778
13.7025
11.942777777777778
10.880833333333333
11.610555555555555
13.366944444444444
12.940277777777778
12.972222222222221
11.31638888888889
16.16777777777778
12.053333333333333
17.82638888888889
11.966388888888888
10.938055555555556
10.317777777777778
10.295833333333333
13.0775
12.850277777777778
10.055277777777778
12.516666666666667
14.413333333333334
12.14638888888889
10.550833333333333
13.80638888888889
13.838333333333333
13.204444444444444
11.193888888888889
11.679722222222223
10.36111111111111
11.036666666666667
9.720555555555556
10.893055555555556
11.533888888888889
12.303611111111111
11.567222222222222
12.098333333333333
10.235833333333334
12.365555555555556
15.050277777777778
11.468333333333334
12.645
10.730833333333333
10.6325
10.626111111111111
14.096111111111112
13.7475
14.062777777777777
11.633055555555556
14.171944444444444
14.680833333333334
11.978333333333333
15.35388888888889
10.890277777777778
11.7875
13.2325
11.001111111111111
16.162222222222223
11.12861111111111
14.055833333333334
10.18361111111111
10.584722222222222
12.78888888888889
9.74611111111111
12.6
13.445
12.044444444444444
11.87
10.800833333333333
11.165277777777778
12.051944444444445
10.29861111111111
10.0325
11.512777777777778
11.238333333333333
11.774722222222222
11.584722222222222
12.040833333333333
12.642222222222221
10.6875
10.321111111111112
12.6625
11.979444444444445
11.018611111111111
12.628055555555555
10.01388888888889
13.525277777777777
11.069444444444445
12.047222222222222
12.55888888888889
12.66
11.024166666666666
10.540277777777778
11.83
9.813611111111111
11.320833333333333
11.9725
11.0575
9.748333333333333
14.095
11.285555555555556
13.133333333333333
11.838611111111112
11.461666666666666
11.854722222222222
12.681944444444444
11.70111111111111
10.443055555555556
13.472777777777777
12.244166666666667
11.843333333333334
10.173055555555555
9.706111111111111
12.776388888888889
12.161944444444444
12.05638888888889
11.919722222222223
12.50611111111111
11.775555555555556
12.105277777777777
10.696944444444444
11.240277777777777
11.07611111111111
11.460277777777778
11.535277777777777
11.704444444444444
12.535
15.487777777777778
9.920555555555556
12.40638888888889
13.373888888888889
11.095555555555556
9.639722222222222
11.661944444444444
15.303611111111111
9.996944444444445
12.1075
9.146666666666667
11.217222222222222
10.321111111111112
13.03111111111111
10.412222222222223
9.498611111111112
10.418333333333333
10.373055555555556
9.424722222222222
12.675277777777778
9.918611111111112
9.795555555555556
11.934444444444445
11.666666666666666
12.106388888888889
11.2225
10.695
10.888333333333334
11.653055555555556
12.336944444444445
11.031666666666666
11.956388888888888
12.06861111111111
11.009444444444444
10.620833333333334
12.04138888888889
10.385
13.79
13.885833333333334
11.436666666666667
12.174444444444445
11.073888888888888
10.636944444444444
11.034444444444444
10.926111111111112
15.265833333333333
13.162222222222223
9.295
13.75
14.140277777777778
10.640555555555556
10.846944444444444
13.443888888888889
16.720277777777778
11.465
12.02138888888889
11.37111111111111
12.498611111111112
12.671944444444444
12.174444444444445
15.093055555555555
10.375833333333333
13.467777777777778
10.671388888888888
14.292777777777777
8.715
10.204166666666667
11.918055555555556
9.689444444444444
9.12138888888889
11.70861111111111
13.488888888888889
13.124444444444444
12.880277777777778
13.66638888888889
11.858333333333333
11.531666666666666
10.659722222222221
10.114444444444445
17.87388888888889
15.684166666666666
11.990277777777777
11.090277777777779
12.008055555555556
10.504166666666666
11.154166666666667
9.868055555555555
10.788333333333334
10.322777777777778
12.685277777777777
13.68138888888889
12.555833333333334
11.173055555555555
9.831666666666667
10.77138888888889
10.74
10.756666666666666
13.432777777777778
9.794722222222223
7.570555555555556
9.519444444444444
10.7925
12.988888888888889
14.283611111111112
14.375
9.583333333333334
9.288333333333334
8.628055555555555
13.275
12.759166666666667
11.264166666666666
11.734166666666667
10.299444444444445
8.141944444444444
14.288333333333334
13.605277777777777
11.030555555555555
11.254444444444445
11.281666666666666
8.1225
12.675277777777778
7.59
15.978333333333333
8.845277777777778
13.638333333333334
17.25611111111111
9.55888888888889
11.18138888888889
9.991111111111111
12.134722222222223
11.548055555555555
9.895
13.886666666666667
11.292777777777777
11.188888888888888
15.036111111111111
12.69
11.743611111111111
11.062222222222223
10.703055555555556
11.499444444444444
12.45111111111111
11.846388888888889
13.435833333333333
12.110555555555555
11.084166666666667
14.017222222222221
11.149444444444445
11.193888888888889
13.93
11.460277777777778
7.8694444444444445
12.922222222222222
10.700277777777778
10.605277777777777
14.554444444444444
11.866388888888888
15.3125
10.897777777777778
10.57638888888889
11.626388888888888
12.179722222222223
13.999166666666667
11.199166666666667
9.104722222222222
12.785555555555556
11.465555555555556
9.954444444444444
10.531666666666666
11.535833333333333
9.6275
12.073055555555555
13.385277777777778
13.401111111111112
10.233055555555556
9.960277777777778
13.134722222222223
9.174722222222222
9.739444444444445
12.040833333333333
10.243055555555555
8.876111111111111
12.406944444444445
12.400833333333333
21.52166666666667
11.441944444444445
12.555833333333334
11.648055555555555
11.7675
10.811388888888889
11.098611111111111
14.183333333333334
10.928611111111111
12.196388888888889
