10856.494166666667
8226.209444444445
11741.336111111112
10232.406666666666
12042.83888888889
7936.355555555556
8863.372222222222
7451.7125
11291.360555555555
13806.560277777779
7535.8375
14333.33111111111
10072.886666666667
9718.574722222222
12951.695
16100.4325
12016.845277777778
14280.858055555556
8552.190277777778
11067.893333333333
10789.511666666667
11981.558611111112
16512.862222222222
10312.386111111111
13963.908333333333
7175.358611111111
13992.551666666666
8900.817777777778
8775.788055555555
9931.1275
10882.887777777778
8714.531666666666
10645.975277777778
14701.616666666667
10105.828333333333
7308.64
12236.451944444445
6855.043055555556
9379.425555555556
22554.93972222222
16270.557222222222
8734.638888888889
8689.679444444444
14523.21
12266.433888888889
12876.825833333334
9456.708888888888
11097.105555555556
7403.353888888889
7564.7125
12052.766666666666
9553.043333333333
8866.247222222222
7896.753333333333
8543.425
9873.434166666666
8336.621666666666
14487.73138888889
10606.331944444444
6868.448888888889
9604.89388888889
6935.663055555556
10218.849166666667
11272.935833333333
9705.455555555556
11724.128055555555
12742.906388888889
11577.468055555555
11324.238333333333
11248.124444444444
8372.328333333333
11205.930277777778
12020.028333333334
10427.56138888889
11153.884722222223
10495.845555555556
11010.91111111111
11648.395555555555
11373.801666666666
9841.0925
11330.098333333333
6400.536944444444
11315.24138888889
10213.71611111111
9986.061944444444
7388.700555555555
10722.254166666668
9780.769166666667
9341.1175
8971.016944444444
10961.2125
8084.650833333333
13323.839722222223
8075.2733333333335
6598.782222222222
6766.511111111111
11767.761388888888
8419.998333333333
6060.251388888889
5186.1775
6237.234722222222
14541.49861111111
7927.985
6826.705
7588.731388888889
11280.026944444444
9569.619444444445
6954.144166666667
9722.521944444445
10210.232777777777
10071.8975
6428.691111111111
9139.076388888889
7292.426388888889
11410.25
10854.474722222221
7483.664444444445
5936.858055555555
6046.8180555555555
7855.695277777778
9193.6475
8800.070833333333
6608.4944444444445
12240.215555555556
5498.133055555556
11551.860833333334
11846.035
7422.333055555556
9139.26861111111
6057.740833333333
11621.015
7948.2025
13459.979166666666
8999.842222222222
5956.923055555556
6797.59
11938.999166666666
8225.761666666667
7641.2797222222225
5913.484166666667
9932.43888888889
9569.261944444444
8192.730277777779
9904.567777777778
7327.472777777778
10152.74
9859.491944444444
6619.081111111111
8566.553333333333
7206.547777777778
7347.644166666667
7904.147777777778
5771.250277777778
6657.300555555556
8643.691111111111
8717.469722222222
10839.918055555556
9007.769722222221
5081.699166666666
5036.369722222223
6405.811944444445
8763.6725
6791.8175
6745.729166666667
8467.145277777778
5202.951388888889
7523.655555555555
6875.71
10298.87611111111
5741.908888888889
7863.1825
5239.6225
7717.154166666666
5417.7375
10882.6225
6519.123333333333
8937.639166666666
9910.208888888888
6694.863888888889
5471.630833333334
8658.018055555556
6479.048611111111
6007.183055555555
7471.094722222222
9063.049444444445
5858.158055555556
4682.2138888888885
9123.112222222222
8893.780833333334
6757.956388888889
7068.062777777778
7954.9736111111115
6451.8341666666665
7758.821111111111
7359.206944444444
10401.388611111111
5947.842777777778
7439.831944444444
5343.736111111111
6656.177777777778
8986.344166666666
5896.162222222222
4546.550555555556
6263.8775
4541.103055555555
3640.8322222222223
7162.026666666667
6336.405277777778
5339.0663888888885
6322.99
5833.098055555555
5712.093611111111
13790.3725
4834.910555555555
7647.466388888889
12913.775277777779
7602.453888888889
5195.9875
5487.381666666667
6301.578333333333
5796.062777777778
10287.107222222223
5432.421944444444
8427.691666666668
5824.948055555556
7852.881944444444
4534.301944444444
9070.289166666667
6663.9625
7719.843888888889
9760.048611111111
4083.9744444444445
5601.62
5998.373055555556
5263.363333333334
5184.036666666667
6953.712777777778
5679.287222222222
7545.1975
7043.362777777777
7680.045
6505.582222222222
8985.915833333333
6952.571111111111
8665.03388888889
7171.279166666666
7887.0675
8064.833333333333
7273.731666666667
5712.945555555556
6337.005277777777
7898.659166666666
7068.239444444444
7185.8425
6992.3325
7433.233055555555
6963.6641666666665
5210.601111111111
4835.061111111111
7276.241388888889
6556.582777777778
4625.116666666667
5776.525
6863.564166666667
5647.422777777778
6979.723333333333
6114.840833333334
8131.411944444444
5364.8052777777775
5846.3375
5552.272222222222
5102.263055555555
7081.958888888889
5814.456944444444
7137.941944444445
3530.131388888889
5702.060833333333
5824.737777777777
4380.228055555555
7287.1883333333335
6220.561388888889
4899.669444444445
6011.036388888889
7584.276666666667
5535.490555555555
4099.658611111111
5649.298333333333
4954.186388888889
5001.941944444445
5837.2091666666665
7518.381388888889
6542.489444444444
5188.448888888889
4495.510555555556
6375.484722222222
5373.5986111111115
5745.773611111111
6511.71
4753.668888888889
4833.293611111111
5410.84
5770.6325
5466.729444444444
6872.932222222223
3822.1066666666666
7494.428055555555
6210.365277777778
4890.892222222222
6208.828888888889
4877.031944444445
5642.676111111111
5582.464722222222
7310.910555555555
7209.747222222222
5248.038333333333
6406.213055555556
4998.026944444445
5876.038888888889
5104.777222222222
7528.966388888889
3815.722222222222
3597.0025
6472.739444444444
6098.4511111111115
5687.576666666667
6343.796666666667
6461.938611111111
5456.459722222222
6772.810277777778
6283.760833333334
5396.749444444445
6615.981111111111
4713.518055555555
5910.268055555555
7267.415
3904.722777777778
4570.259722222222
6111.855277777778
5726.531388888889
6764.238888888889
8564.538888888888
5136.579722222222
7546.451388888889
7908.677777777778
4839.932222222223
5194.963333333333
5846.305555555556
3914.214722222222
7135.633888888889
5759.184166666667
5079.937222222222
6206.9075
5056.046111111111
4946.489166666666
5775.585
4396.293055555556
3988.1369444444445
3527.974722222222
5417.9158333333335
7559.071388888889
6370.36
4602.150833333333
5656.327222222222
5312.413888888889
5372.103611111111
3237.3575
5261.17
6968.4325
5618.110555555556
6020.568611111111
6597.3125
8217.684444444445
7359.928888888889
6181.410277777778
5859.408333333334
7409.347222222223
5547.1475
5296.155277777778
5900.420833333334
5023.398888888889
3716.5691666666667
5961.856944444445
4349.675
4991.600277777778
4059.4955555555557
6663.0969444444445
3560.7594444444444
5075.361666666667
3392.218611111111
4634.613888888889
4991.484722222222
6126.178611111111
6957.028888888889
5104.553888888889
8088.809722222222
7043.407222222222
6811.794722222222
5406.6594444444445
3531.1780555555556
7595.263055555555
3293.5369444444445
6056.803333333333
4620.267222222222
4596.278333333334
3513.962777777778
4769.127777777778
5244.488888888889
4179.9013888888885
4163.098333333333
5441.634166666667
3166.3269444444445
5287.332777777778
5699.935833333333
5687.975833333333
3593.6677777777777
5636.21
5463.528611111111
5673.463611111111
3062.0294444444444
5950.0008333333335
6057.022222222222
5359.767222222222
5782.172777777778
4767.073055555556
5915.727222222222
4878.043888888889
3658.6994444444445
6327.430555555556
6054.1194444444445
3823.3580555555554
3791.8405555555555
3911.8369444444443
4930.325555555555
5133.113055555556
5588.950555555555
4740.180833333333
5107.180555555556
4295.6258333333335
6334.946666666667
6483.851111111111
4890.388055555555
5989.2797222222225
4263.676388888889
6270.4925
4326.748888888889
7499.321111111111
4149.62
3712.179722222222
4282.293333333333
4616.883333333333
5554.384166666667
4772.855277777778
4278.420833333334
5719.439166666667
4149.55
8195.378888888888
5034.115833333333
6157.0725
6190.035277777778
3213.5669444444443
7389.486944444445
5686.619722222223
5614.565277777778
5060.703888888889
4535.472222222223
5692.082777777778
6095.3966666666665
4589.797777777778
4807.690833333333
3389.1944444444443
4866.718888888889
3698.6091666666666
3693.6875
5049.408055555556
6745.580833333333
4969.423611111111
6221.0408333333335
6002.23
6874.855555555556
4663.761388888889
3714.2072222222223
7782.010833333334
6254.094166666667
3545.094722222222
4863.633055555556
4356.994722222223
4015.757777777778
5954.285555555555
6285.5425
5003.3788888888885
6330.950555555555
5086.6547222222225
6349.084444444445
4841.323055555556
4018.7630555555556
4952.799722222222
3356.384722222222
6484.112222222222
3892.472222222222
4767.944444444444
4379.565555555556
7159.68
4710.497222222222
4473.329166666666
4782.7444444444445
5451.919444444445
6058.787222222222
6217.446944444445
5013.390555555556
4455.718055555555
6211.022222222222
6531.347777777778
4364.552777777778
7427.0552777777775
6164.048611111111
4802.008055555556
5924.169444444445
6013.678611111111
4169.070833333333
6440.025
4729.601388888889
3547.467777777778
5130.136944444444
5450.645555555556
5659.018611111111
3992.0019444444442
6392.5216666666665
3391.9294444444445
3989.3091666666664
4921.791111111111
4660.333333333333
4922.618888888889
4092.6558333333332
4955.417777777778
5230.775
6248.708888888889
5247.0344444444445
7272.923055555556
3396.2966666666666
8610.355833333333
4843.970833333334
4736.727222222222
4958.413333333333
4094.0602777777776
5330.73
6834.185555555556
3972.855
5256.1658333333335
4328.117222222222
4889.140833333333
6068.470555555556
3582.4694444444444
4756.351944444445
4738.934722222222
7395.086944444444
5720.640833333333
7674.1547222222225
4858.099166666667
2973.22
5510.545277777778
6652.52
7213.6211111111115
5500.504166666667
7244.915277777778
4246.053611111111
6469.078888888889
3206.6405555555557
4327.7444444444445
6465.1577777777775
5946.961944444444
4246.893888888889
4010.4975
5588.2525
5827.100833333333
4492.786944444444
4964.4638888888885
3422.038611111111
5549.941666666667
2812.9719444444445
6064.545555555555
4653.738611111111
4803.787777777778
2763.4572222222223
2305.0144444444445
5615.8822222222225
6059.888333333333
4999.353055555555
4781.745833333333
3993.344722222222
4659.232222222222
6295.126944444444
4625.526666666667
5266.627222222222
3448.52
6053.86
3533.222777777778
5303.1930555555555
3929.2769444444443
3847.201666666667
5436.148888888889
4085.348611111111
5189.556111111111
3534.9308333333333
4964.8163888888885
4615.257777777778
4234.544444444445
5324.793888888889
4556.969166666667
4832.991666666667
2853.6133333333332
4965.819444444444
4003.4108333333334
5973.292222222222
4256.102222222222
6270.3069444444445
4041.8241666666668
5691.671666666667
4400.810277777778
5567.331944444444
6917.120833333333
6474.738888888889
8997.285277777777
6779.737222222222
6732.763055555555
6800.891944444445
5469.056388888889
7801.1577777777775
6036.702777777778
5048.855555555556
6319.625277777778
4326.856388888889
4158.2075
8742.626944444444
6344.623888888889
4641.461111111111
7970.703055555556
4804.953333333333
4453.570555555556
6346.0986111111115
6342.870833333333
3665.5619444444446
4227.165555555555
7040.568888888889
4768.097222222223
4413.546111111111
4898.2575
5209.684166666667
5247.793888888889
4651.875277777778
4336.453888888889
4848.437777777778
5571.786388888889
6246.265555555556
4528.7572222222225
6960.7375
5560.313611111111
4932.1525
4123.513888888889
5630.664722222222
6509.243333333333
4820.888888888889
4013.498611111111
4984.156666666667
5314.8694444444445
5098.870833333333
5288.2283333333335
6469.479722222222
4888.339444444445
6363.8069444444445
7086.64
6155.368055555556
4967.067222222222
4905.981944444445
5755.285555555555
4575.049444444445
4824.160833333333
5599.768333333333
5530.483888888889
4992.1475
3154.696388888889
6464.215277777777
8031.578611111111
5882.882777777778
4908.2780555555555
5041.905277777778
7288.675277777777
6880.182222222223
6387.505277777777
5645.8469444444445
6570.619722222223
4339.8725
10360.555277777778
3769.436111111111
5286.2908333333335
4252.68
3876.0533333333333
7485.631944444444
6874.322777777777
4590.215
5160.112777777777
11980.896944444445
4913.776666666667
4374.2225
8707.67
6063.866388888889
5361.1883333333335
4997.273055555555
4965.325833333333
4537.528611111111
4419.212777777778
3970.4525
4917.5986111111115
5122.939444444444
6048.1305555555555
4199.941111111111
4158.953333333333
5131.3711111111115
4435.896388888889
5501.008888888889
4697.204722222222
4807.963333333333
4560.640833333333
4096.42
3734.5825
6990.003333333333
6633.383055555556
6098.807777777778
5258.778888888889
5635.0569444444445
7734.227222222222
5803.749722222222
6965.878333333333
6254.429166666667
5187.3
6886.803888888889
5165.531666666667
5935.569166666667
6143.639166666667
7554.865277777778
4957.939444444444
4950.658055555556
5601.751388888889
3872.1466666666665
5921.637222222223
6316.738333333334
5374.512777777778
4409.088611111111
3864.9530555555557
4964.753611111111
4953.607777777778
4408.003055555556
4754.295833333334
4995.727222222222
6063.885277777777
7082.676944444444
4934.84
4449.000555555555
4690.357777777778
4408.460277777778
4854.743055555556
6870.462222222222
6822.348055555555
5286.039444444445
8636.813333333334
4254.635555555556
6716.862777777777
4657.009444444445
5501.7733333333335
4933.2891666666665
5703.980277777778
5050.600277777778
4123.974444444444
4761.560277777778
3521.9719444444445
5156.816111111111
4813.587777777778
4639.8516666666665
3382.0855555555554
8078.392222222222
5208.280277777778
5412.744166666666
5145.597777777778
5299.053055555555
6312.68
4992.311944444445
4650.463055555556
4424.0072222222225
5273.3475
5453.9047222222225
4814.997222222222
4192.654166666666
3794.4380555555554
5941.2733333333335
6201.125555555555
5378.798611111111
6134.8180555555555
5862.081666666667
4916.155
5152.398888888889
4935.493055555556
5093.638888888889
4977.7825
5090.150277777778
5926.698611111111
7174.217777777778
5908.894166666667
8099.561388888889
4379.655833333333
5964.473055555555
6253.651111111111
5318.101388888889
5313.390277777778
5757.029444444444
9068.556388888888
4364.833611111111
5220.557777777778
3432.4191666666666
5422.708333333333
4759.157222222222
6938.175277777777
4123.018888888889
3444.1905555555554
4369.402222222222
3514.735277777778
3496.0375
5478.919722222222
4272.943888888889
5370.133888888889
5599.051111111111
4821.409166666666
5064.213611111111
5945.633888888889
5781.086111111111
5202.3677777777775
5313.033611111111
5205.913611111111
4809.659166666666
5787.112222222222
5385.7
5286.210555555555
5326.155277777778
5672.054722222222
5195.821944444445
6960.795
6688.948055555556
4889.250277777778
5553.010277777777
5641.791944444444
5361.9336111111115
5361.237777777777
5090.204166666666
7565.528333333334
5764.693333333334
3951.8186111111113
5971.376111111111
6696.185
4074.7955555555554
4543.254722222222
5759.725555555556
6147.116388888889
5437.89
5230.730555555556
5353.504166666667
5802.163055555556
5897.8
5485.692777777777
6479.001388888889
4172.303333333333
4999.543888888889
4451.211388888889
7166.7825
4375.0280555555555
4172.8422222222225
6060.94
4784.644722222222
4254.849722222222
5651.030833333333
7064.949444444444
6584.326944444444
7163.942777777777
6852.230277777778
5169.663611111111
5650.447777777777
4817.585277777778
4146.873611111111
9807.056666666667
8520.184722222222
6950.1530555555555
5843.598055555555
5416.78
4878.063611111111
5121.673055555556
6464.514166666667
5357.476111111111
3972.882777777778
5928.3388888888885
5580.301388888889
4288.703888888889
5039.736111111111
3824.8516666666665
4992.649444444444
4161.948333333334
4997.397222222222
5557.4075
3655.9616666666666
2241.7255555555557
3062.2908333333335
5782.627222222222
6664.155
7152.258333333333
8158.470833333334
3592.3155555555554
4233.7636111111115
3862.305277777778
5646.176944444444
6163.9655555555555
4498.294722222222
4875.856111111111
4263.529444444444
3134.3705555555557
7269.621944444444
6321.037222222222
5328.700277777778
4694.328333333333
6406.213055555556
2871.785
6797.514166666667
2483.657222222222
7271.181111111111
3368.918888888889
7717.535833333333
9901.236388888889
4161.8261111111115
5929.3086111111115
4864.7975
6436.596666666666
5011.3341666666665
4494.232777777778
7737.506111111111
5655.481111111111
6472.418888888889
8386.090833333334
7433.451388888889
5920.168611111111
4274.256111111111
5275.948333333334
5437.620833333333
6166.975833333333
5885.5625
8052.73
6114.062777777778
6008.4863888888885
7861.268888888889
5535.610277777778
5003.326666666667
6527.980277777778
4926.246666666667
3801.9166666666665
5389.143888888889
5289.7825
5233.531388888889
10487.744722222222
6621.593055555555
10804.733333333334
6506.4383333333335
5389.703333333333
6365.9111111111115
5574.180833333333
6858.56
5289.012222222223
4070.4194444444443
6694.719722222222
5685.495
5382.831111111111
4311.9975
5663.183055555555
4862.6611111111115
5678.476111111111
5988.194444444444
5913.187777777778
5417.0233333333335
6552.737222222222
5821.802777777778
4314.929444444444
4331.844444444445
5083.126666666667
4146.030555555555
3209.9275
5142.945833333333
3639.3616666666667
8410.695
5580.152222222222
7186.2491666666665
6936.293888888889
6727.206111111111
6567.131944444444
6571.239722222223
5474.010277777777
6592.1577777777775
6976.665277777778
